65	526
65	526
65	526
65	526
66	527
64	525
64	525
66	527
65	526
63	524
59	520
59	520
62	523
66	527
67	528
66	527
66	527
65	526
62	523
59	520
59	520
59	520
59	520
56	517
53	514
46	507
42	503
39	500
34	495
31	492
23	484
13	474
8	469
5	466
4	465
4	465
9	470
12	473
15	476
18	479
23	484
25	486
28	489
27	488
28	489
29	490
29	490
28	489
26	487
22	483
22	483
21	482
19	480
16	477
17	478
16	477
15	476
13	474
10	471
9	470
10	471
12	473
15	476
15	476
13	474
8	469
2	463
-8	453
-16	445
-21	440
-22	439
-22	439
-18	443
-17	444
-18	443
-17	444
-14	447
-12	449
-11	450
-11	450
-10	451
-16	445
-20	441
-15	446
-16	445
-18	443
-9	452
-8	453
-9	452
-4	457
1	462
3	464
3	464
6	469
8	469
7	468
8	470
11	471
13	474
19	480
21	482
23	484
25	486
17	478
5	466
-3	458
-9	452
-9	452
-8	453
-8	453
-4	457
-3	458
-4	457
-4	457
-4	457
-3	458
-3	458
-2	459
-5	456
-5	456
-7	454
-4	457
-1	460
-1	460
1	462
5	466
12	473
13	474
7	468
5	466
1	462
2	463
2	463
2	463
-1	460
-1	460
-2	459
2	463
0	461
-2	459
-12	449
-25	436
-33	428
-36	425
-40	421
-39	422
-32	429
-28	433
-24	437
-24	437
-24	437
-21	440
-18	443
-20	441
-19	442
-18	443
-23	438
-26	435
-24	437
-24	437
-21	440
-24	437
-22	439
-21	440
-21	440
-23	438
-22	439
-21	440
-21	440
-21	440
-19	442
-20	441
-20	441
-18	443
-20	441
-18	443
-18	443
-27	434
-41	420
-48	413
-53	408
-52	409
-49	412
-45	416
-40	421
-38	423
-38	423
-36	425
-34	427
-34	427
-33	428
-36	425
-34	427
-35	426
-36	425
-36	425
-36	423
-37	424
-35	426
-35	426
-38	423
-39	422
-40	421
-39	422
-39	422
-40	421
-38	423
-38	423
-36	425
-35	426
-33	428
-35	426
-36	425
-39	422
-47	414
-58	403
-64	397
-69	392
-67	394
-64	397
-62	399
-58	403
-57	404
-54	407
-52	409
-53	408
-52	409
-50	411
-54	407
-53	408
-51	410
-52	409
-54	407
-54	407
-53	408
-54	407
-52	409
-54	407
-52	409
-54	407
-51	410
-51	410
-53	408
-52	409
-51	410
-52	409
-53	408
-53	408
-54	407
-54	407
-53	408
-60	401
-71	390
-81	380
-85	376
-86	375
-89	372
-89	372
-87	374
-83	378
-81	380
-79	382
-78	383
-77	384
-75	386
-76	385
-75	386
-78	383
-80	381
-81	380
-80	381
-78	383
-78	383
-77	384
-78	383
-79	382
-78	383
-77	384
-79	382
-81	380
-80	381
-80	381
-79	382
-77	384
-75	386
-77	384
-75	386
-74	387
-74	387
-76	385
-81	380
-92	369
-102	359
-108	353
-113	348
-111	350
-107	357
-104	358
-102	363
-97	363
-99	363
-96	365
-94	367
-92	369
-93	368
-92	369
-89	372
-91	370
-91	370
-92	369
-92	369
-92	369
-93	368
-94	367
-94	367
-94	367
-91	370
-92	369
-92	369
-90	371
-92	369
-91	370
-92	369
-91	370
-90	371
-89	372
-86	375
-88	373
-91	370
-90	371
-89	372
-91	370
-99	362
-107	354
-115	346
-119	342
-118	343
-116	345
-112	349
-110	351
-106	355
-104	357
-102	359
-102	359
-99	362
-101	360
-102	359
-104	357
-102	359
-101	360
-101	360
-101	360
-101	360
-98	363
-98	363
-102	359
-100	361
-102	359
-99	362
-99	362
-97	364
-98	363
-100	361
-99	362
-96	365
-94	367
-91	370
-91	370
-94	367
-96	365
-96	365
-102	359
-110	351
-116	345
-120	341
-121	340
-121	340
-119	342
-115	346
-110	351
-107	354
-104	357
-104	357
-102	359
-102	359
-103	358
-107	354
-107	354
-109	352
-110	351
-109	352
-108	353
-108	353
-108	353
-109	352
-108	353
-106	355
-106	355
-107	354
-108	351
-112	351
-107	354
-104	355
-106	354
-106	355
-103	358
-101	360
-104	357
-107	354
-115	346
-122	339
-128	333
-132	329
-131	330
-129	332
-129	332
-125	336
-123	338
-119	342
-115	346
-115	346
-118	343
-118	343
-117	344
-115	346
-118	343
-121	340
-121	340
-121	340
-118	343
-116	345
-115	346
-118	343
-119	342
-118	343
-118	343
-118	343
-118	343
-117	344
-117	344
-117	344
-120	341
-122	339
-122	339
-124	337
-129	332
-139	322
-149	312
-153	308
-154	307
-154	307
-151	310
-148	313
-144	317
-140	321
-136	325
-136	325
-134	327
-134	327
-136	325
-138	323
-139	322
-140	321
-140	321
-141	320
-140	321
-141	320
-140	321
-138	323
-137	324
-139	322
-139	322
-139	322
-140	321
-142	319
-140	321
-138	323
-136	325
-136	325
-134	327
-135	326
-139	322
-146	315
-156	305
-162	299
-167	294
-170	291
-169	292
-164	297
-161	300
-159	302
-158	303
-155	306
-154	307
-153	308
-155	306
-154	307
-155	306
-154	307
-156	305
-157	303
-157	303
-157	302
-160	299
-161	301
-158	303
-157	304
-156	305
-156	305
-154	307
-154	307
-154	307
-156	305
-157	304
-154	307
-153	308
-156	305
-156	305
-160	301
-166	295
-173	288
-182	279
-189	272
-190	271
-187	274
-183	278
-182	279
-178	283
-176	285
-173	288
-174	287
-175	286
-175	286
-173	288
-176	285
-177	284
-175	286
-174	287
-175	286
-175	286
-175	286
-173	288
-173	288
-174	287
-174	287
-176	285
-173	288
-170	291
-170	291
-172	289
-173	288
-170	291
-167	294
-169	292
-173	288
-180	281
-189	272
-196	265
-198	263
-197	264
-195	266
-190	271
-187	274
-184	277
-184	277
-181	280
-179	282
-176	285
-182	279
-181	280
-184	277
-184	277
-186	275
-187	274
-186	275
-184	277
-184	277
-183	278
-185	276
-184	277
-185	276
-183	278
-181	280
-183	278
-182	279
-182	279
-181	280
-183	278
-184	277
-183	278
-189	272
-202	259
-209	252
-211	250
-212	249
-208	253
-208	253
-207	254
-203	258
-199	262
-199	262
-201	260
-201	260
-201	259
-202	259
-203	258
-203	259
-203	258
-206	255
-207	254
-204	257
-202	259
-204	257
-202	259
-201	260
-202	259
-202	259
-199	262
-201	260
-199	262
-200	261
-198	263
-199	262
-200	261
-197	264
-197	264
-197	264
-198	263
-203	258
-211	250
-223	238
-228	233
-230	231
-230	231
-226	235
-224	237
-222	239
-221	240
-217	244
-216	245
-213	248
-213	248
-214	247
-214	247
-215	246
-214	247
-217	244
-217	244
-220	241
-219	242
-219	242
-218	243
-218	243
-218	243
-218	243
-217	244
-215	246
-216	245
-216	245
-217	244
-217	244
-216	245
-215	246
-216	245
-213	248
-216	245
-214	247
-213	248
-215	246
-221	240
-230	231
-243	218
-250	211
-251	210
-250	211
-247	214
-244	217
-239	222
-239	222
-236	225
-235	226
-233	228
-232	229
-232	229
-233	228
-233	228
-233	228
-235	226
-236	225
-233	228
-232	229
-234	227
-233	228
-236	225
-237	224
-235	226
-236	225
-234	227
-230	231
-229	232
-229	232
-230	231
-229	232
-228	233
-230	231
-229	234
-228	233
-230	234
-227	234
-230	228
-236	225
-244	217
-253	208
-259	202
-258	203
-255	206
-252	209
-251	210
-250	211
-247	214
-244	217
-242	219
-246	215
-243	218
-244	217
-244	217
-244	217
-247	214
-247	214
-248	213
-250	211
-249	212
-247	214
-248	213
-247	214
-246	215
-245	216
-246	215
-243	218
-243	218
-242	219
-243	218
-244	217
-241	220
-240	221
-239	222
-240	221
-240	221
-240	221
-243	218
-249	212
-258	203
-267	194
-270	191
-270	191
-270	191
-266	195
-260	201
-257	204
-254	207
-253	208
-252	209
-252	209
-250	211
-252	209
-255	206
-257	204
-257	204
-257	204
-258	203
-255	206
-254	207
-255	206
-255	206
-254	207
-254	207
-255	206
-252	209
-252	209
-251	210
-250	211
-249	212
-248	213
-250	211
-248	213
-249	212
-250	211
-250	211
-252	209
-261	200
-271	190
-277	184
-281	180
-279	182
-274	187
-268	193
-266	195
-262	199
-257	204
-257	204
-257	204
-257	204
-257	204
-260	201
-265	196
-264	197
-264	197
-264	197
-264	197
-265	198
-263	198
-262	199
-259	202
-259	202
-259	202
-258	203
-259	202
-259	202
-258	203
-255	206
-254	207
-254	207
-255	206
-254	207
-256	205
-256	205
-262	199
-269	192
-276	185
-283	178
-281	180
-279	182
-276	185
-272	189
-267	194
-266	195
-265	196
-264	197
-264	197
-264	197
-266	195
-266	195
-267	194
-269	192
-268	193
-269	192
-269	192
-269	192
-272	189
-271	190
-270	191
-268	193
-269	192
-268	193
-268	193
-267	194
-265	196
-264	197
-263	198
-261	200
-262	199
-261	200
-267	194
-276	185
-285	176
-293	168
-296	165
-295	166
-293	168
-292	169
-290	171
-286	175
-284	177
-283	178
-281	180
-281	180
-281	180
-279	182
-281	180
-284	177
-286	175
-285	176
-286	175
-286	175
-282	179
-283	178
-283	178
-285	176
-285	176
-285	176
-285	176
-287	174
-285	176
-282	179
-283	178
-281	180
-280	181
-283	178
-282	179
-286	175
-296	165
-306	155
-311	150
-311	150
-313	148
-311	150
-305	156
-304	157
-303	158
-299	162
-297	165
-298	164
-297	167
-294	167
-295	165
-297	164
-299	161
-299	162
-299	162
-298	163
-299	162
-298	163
-297	164
-298	163
-299	162
-297	164
-297	164
-297	164
-299	162
-298	163
-297	164
-299	162
-300	161
-295	166
-295	166
-297	164
-301	160
-311	150
-318	143
-320	141
-324	137
-322	139
-319	142
-316	145
-312	149
-313	148
-310	151
-307	154
-305	156
-307	154
-309	152
-309	152
-311	150
-311	150
-312	149
-311	150
-310	151
-309	152
-311	150
-310	151
-308	153
-305	156
-305	156
-306	155
-306	155
-306	155
-304	157
-304	157
-307	154
-307	154
-304	157
-302	159
-306	155
-311	150
-321	140
-327	134
-329	132
-331	130
-328	133
-328	133
-325	136
-321	140
-318	143
-317	144
-314	147
-312	149
-311	150
-314	147
-317	144
-316	145
-316	145
-316	145
-315	146
-314	147
-313	148
-314	147
-314	147
-313	148
-315	146
-316	145
-318	143
-317	144
-314	147
-314	147
-311	150
-313	148
-310	151
-312	149
-319	142
-326	135
-333	128
-337	124
-339	122
-339	123
-337	127
-333	131
-330	133
-325	138
-323	139
-322	139
-324	137
-325	136
-324	137
-324	137
-325	136
-323	138
-325	136
-324	137
-323	138
-325	136
-326	135
-324	137
-323	138
-324	137
-325	136
-325	136
-324	137
-322	139
-322	139
-321	140
-322	139
-322	139
-324	137
-331	130
-341	120
-349	112
-352	109
-352	109
-351	110
-350	111
-345	116
-340	121
-340	121
-341	120
-338	123
-337	124
-339	122
-342	119
-342	119
-344	117
-345	116
-343	118
-342	119
-343	118
-341	120
-341	120
-341	120
-341	120
-342	119
-341	120
-341	120
-341	120
-340	121
-339	122
-338	123
-339	122
-339	122
-340	121
-343	118
-351	110
-361	100
-368	93
-370	91
-368	93
-367	94
-366	95
-360	101
-358	103
-356	105
-358	103
-358	103
-356	105
-355	106
-355	106
-357	104
-361	100
-361	100
-363	98
-360	101
-358	103
-357	104
-360	101
-361	100
-360	101
-358	103
-357	104
-355	106
-355	106
-359	102
-356	105
-354	107
-354	107
-353	108
-352	109
-355	106
-359	99
-369	87
-378	78
-386	75
-387	72
-388	75
-385	76
-384	77
-381	80
-379	82
-377	84
-376	85
-374	87
-375	86
-373	88
-371	90
-371	90
-375	86
-375	86
-374	87
-374	87
-374	87
-371	90
-372	89
-373	88
-373	88
-371	90
-371	90
-370	91
-369	92
-368	93
-369	92
-368	93
-367	94
-367	94
-368	93
-368	93
-368	93
-372	89
-379	82
-388	73
-395	66
-399	62
-399	62
-399	62
-394	67
-389	72
-387	74
-384	77
-384	77
-382	79
-381	80
-383	78
-383	78
-386	75
-387	74
-386	75
-387	74
-387	74
-385	76
-385	76
-386	75
-387	74
-388	73
-383	78
-384	77
-386	75
-385	76
-383	78
-382	79
-379	82
-378	83
-379	82
-381	80
-378	83
-375	86
-378	83
-382	79
-392	69
-398	63
-406	55
-409	0
-409	0
-404	0
-402	0
-401	0
-397	0
-396	0
-395	0
-395	0
-395	0
-396	0
-395	0
-398	0
-397	0
-397	0
-398	0
-397	0
-398	0
-396	0
-394	0
-392	0
-393	0
-394	0
-392	0
-393	0
-395	0
-392	0
-394	0
-390	0
-390	0
-389	0
-391	0
-389	0
-393	0
-399	0
-408	0
-417	0
-420	0
-424	0
-422	0
-419	0
-417	0
-411	0
-406	0
-407	0
-405	0
-408	0
-408	0
-406	0
-408	0
-412	0
-411	0
-411	0
-410	0
-408	0
-409	0
-408	0
-409	0
-406	0
-405	0
-407	0
-405	0
-406	0
-406	0
-404	0
-405	0
-408	0
-406	0
-404	0
-404	0
-402	0
-405	0
-414	0
-423	0
-431	0
-432	0
-431	0
-430	0
-427	0
-426	0
-422	0
-422	0
-420	0
-417	0
-418	0
-419	0
-418	0
-417	0
-419	0
-420	0
-421	0
-418	0
-417	0
-419	0
-422	0
-418	0
-419	0
-419	0
-418	0
-419	0
-419	0
-417	0
-418	0
-417	0
-415	0
-416	0
-414	0
-414	0
-415	0
-416	0
-420	0
-431	0
-437	0
-440	0
-445	0
-446	0
-441	0
-437	0
-434	0
-431	0
-431	0
-431	0
-430	0
-429	0
-425	0
-425	0
-427	0
-430	0
-430	0
-428	0
-429	0
-431	0
-433	0
-430	0
-430	0
-429	0
-428	0
-426	0
-425	0
-425	0
-427	0
-423	0
-425	0
-426	0
-424	0
-423	0
-422	0
-420	0
-424	0
-433	0
-441	0
-446	0
-449	0
-451	0
-449	0
-446	0
-445	0
-442	0
-439	0
-439	0
-438	0
-436	0
-438	0
-440	0
-439	0
-439	0
-439	0
-439	0
-439	0
-438	0
-436	0
-436	0
-437	0
-437	0
-439	0
-438	0
-435	0
-433	0
-429	0
-431	0
-429	0
-427	0
-426	0
-424	0
-428	0
-438	0
-446	0
-451	0
-454	0
-457	0
-455	0
-451	0
-449	0
-449	0
-444	0
-443	0
-442	0
-442	0
-442	0
-442	0
-443	0
-444	0
-443	0
-444	0
-444	0
-443	0
-444	0
-444	0
-445	0
-445	0
-446	0
-447	0
-445	0
-442	0
-442	0
-441	0
-441	0
-442	0
-442	0
-441	0
-446	0
-453	0
-462	0
-470	0
-472	0
-475	0
-473	0
-469	0
-465	0
-459	0
-460	0
-459	0
-457	0
-458	0
-458	0
-459	0
-459	0
-457	0
-459	0
-459	0
-460	0
-461	0
-459	0
-458	0
-456	0
-457	0
-456	0
-456	0
-456	0
-455	0
-455	0
-454	0
-454	0
-451	0
-448	0
-453	0
-453	0
-459	0
-468	0
-477	0
-481	0
-482	0
-481	0
-478	0
-476	0
-475	0
-473	0
-472	0
-471	0
-469	0
-469	0
-467	0
-469	0
-472	0
-470	0
-470	0
-471	0
-471	0
-472	0
-472	0
-473	0
-471	0
-471	0
-468	0
-469	0
-470	0
-468	0
-468	0
-467	0
-465	0
-463	0
-465	0
-464	0
-465	0
-469	0
-476	0
-487	0
-493	0
-495	0
-496	0
-492	0
-489	0
-487	0
-486	0
-483	0
-482	0
-479	0
-477	0
-478	0
-481	0
-481	0
-485	0
-485	0
-482	0
-479	0
-476	0
-478	0
-478	0
-478	0
-477	0
-475	0
-477	0
-476	0
-475	0
-476	0
-475	0
-474	0
-475	0
-473	0
-475	0
-474	0
-472	0
-474	0
-480	0
-489	0
-495	0
-496	0
-500	0
-497	0
-493	0
-491	0
-490	0
-489	0
-487	0
-484	0
-486	0
-486	0
-488	0
-488	0
-487	0
-489	0
-493	0
-495	0
-494	0
-492	0
-495	0
-493	0
-493	0
-491	0
-489	0
-489	0
-488	0
-488	0
-489	0
-487	0
-490	0
-491	0
-489	0
-488	0
-487	0
-491	0
-499	0
-508	0
-516	0
-520	0
-519	0
-516	0
-512	0
-509	0
-505	0
-504	0
-506	0
-505	0
-503	0
-503	0
-503	0
-505	0
-504	0
-504	0
-504	0
-503	0
-502	0
-502	0
-501	0
-500	0
-497	0
-499	0
-501	0
-498	0
-499	0
-498	0
-497	0
-494	0
-492	0
-492	0
-491	0
-493	0
-500	0
-508	0
-515	0
-519	0
-518	0
-516	0
-510	0
-509	0
-506	0
-505	0
-504	0
-501	0
-504	0
-503	0
-502	0
-503	0
-503	0
-506	0
-504	0
-502	0
-499	0
-495	0
-494	0
-489	0
-488	0
-487	0
-488	0
-487	0
-488	0
-487	0
-483	0
-482	0
-483	0
-483	0
-483	0
-486	0
-490	0
-498	0
-505	0
-514	0
-515	0
-514	0
-514	0
-513	0
-510	0
-506	0
-505	0
-505	0
-505	0
-507	0
-504	0
-502	0
-504	0
-506	0
-507	0
-510	0
-509	0
-507	0
-505	0
-506	0
-505	0
-504	0
-504	0
-504	0
-505	0
-501	0
-501	0
-498	0
-498	0
-497	0
-500	0
-499	0
-504	0
-514	0
-521	0
-528	0
-531	0
-530	0
-529	0
-525	0
-521	0
-518	0
-516	0
-519	0
-514	0
-513	0
-512	0
-511	0
-512	0
-513	0
-512	0
-512	0
-512	0
-511	0
-511	0
-512	0
-513	0
-512	0
-511	0
-511	0
-508	0
-508	0
-509	0
-507	0
-506	0
-508	0
-504	0
-501	0
-504	0
-512	0
-520	0
-521	0
-527	0
-528	0
-526	0
-522	0
-518	0
-515	0
-513	0
-514	0
-514	0
-516	0
-515	0
-512	0
-512	0
-513	0
-513	0
-516	0
-514	0
-513	0
-512	0
-514	0
-513	0
-515	0
-513	0
-516	0
-517	0
-513	0
-512	0
-511	0
-511	0
-509	0
-511	0
-511	0
-511	0
-510	0
-513	0
-518	0
-530	0
-538	0
-541	0
-539	0
-537	0
-534	0
-531	0
-525	0
-524	0
-525	0
-526	0
-523	0
-524	0
-526	0
-524	0
-525	0
-527	0
-526	0
-524	0
-523	0
-524	0
-522	0
-522	0
-520	0
-523	0
-525	0
-524	0
-523	0
-524	0
-523	0
-518	0
-517	0
-517	0
-518	0
-523	0
-527	0
-532	0
-536	0
-540	0
-540	0
-538	0
-531	0
-526	0
-524	0
-521	0
-521	0
-522	0
-519	0
-520	0
-521	0
-526	0
-524	0
-523	0
-523	0
-523	0
-522	0
-525	0
-527	0
-525	0
-523	0
-523	0
-522	0
-520	0
-522	0
-522	0
-518	0
-516	0
-518	0
-518	0
-516	0
-524	0
-535	0
-540	0
-540	0
-539	0
-536	0
-535	0
-533	0
-530	0
-530	0
-530	0
-526	0
-524	0
-524	0
-527	0
-525	0
-525	0
-524	0
-523	0
-524	0
-524	0
-524	0
-524	0
-523	0
-523	0
-521	0
-521	0
-524	0
-520	0
-522	0
-525	0
-525	0
-522	0
-519	0
-519	0
-520	0
-522	0
-528	0
-536	0
-542	0
-543	0
-543	0
-542	0
-538	0
-536	0
-532	0
-530	0
-530	0
-531	0
-529	0
-530	0
-533	0
-533	0
-531	0
-531	0
-532	0
-532	0
-530	0
-531	0
-530	0
-528	0
-528	0
-529	0
-525	0
-525	0
-522	0
-522	0
-524	0
-525	0
-521	0
-518	0
-516	0
-516	0
-521	0
-527	0
-532	0
-538	0
-542	0
-536	0
-532	0
-530	0
-526	0
-525	0
-522	0
-520	0
-519	0
-521	0
-520	0
-519	0
-520	0
-521	0
-521	0
-519	0
-520	0
-521	0
-523	0
-525	0
-524	0
-521	0
-521	0
-522	0
-523	0
-523	0
-521	0
-520	0
-522	0
-519	0
-517	0
-520	0
-521	0
-522	0
-527	0
-534	0
-539	0
-540	0
-543	0
-538	0
-535	0
-533	0
-530	0
-527	0
-525	0
-525	0
-523	0
-522	0
-523	0
-525	0
-526	0
-526	0
-527	0
-526	0
-523	0
-523	0
-520	0
-521	0
-521	0
-521	0
-520	0
-520	0
-521	0
-518	0
-519	0
-516	0
-518	0
-515	0
-518	0
-520	0
-524	0
-531	0
-535	0
-536	0
-535	0
-533	0
-527	0
-525	0
-520	0
-515	0
-514	0
-516	0
-518	0
-519	0
-520	0
-519	0
-518	0
-515	0
-518	0
-517	0
-516	0
-513	0
-515	0
-513	0
-513	0
-512	0
-512	0
-514	0
-509	0
-509	0
-509	0
-510	0
-511	0
-514	0
-514	0
-518	0
-522	0
-526	0
-528	0
-525	0
-522	0
-519	0
-518	0
-518	0
-516	0
-512	0
-514	0
-514	0
-515	0
-514	0
-516	0
-518	0
-516	0
-518	0
-515	0
-512	0
-512	0
-513	0
-512	0
-510	0
-512	0
-514	0
-514	0
-514	0
-512	0
-511	0
-511	0
-513	0
-512	0
-514	0
-516	0
-525	0
-528	0
-533	0
-534	0
-530	0
-528	0
-524	0
-525	0
-523	0
-521	0
-522	0
-523	0
-523	0
-519	0
-520	0
-521	0
-519	0
-522	0
-523	0
-521	0
-519	0
-520	0
-521	0
-518	0
-519	0
-520	0
-521	0
-520	0
-517	0
-518	0
-518	0
-518	0
-518	0
-518	0
-516	0
-519	0
-526	0
-531	0
-536	0
-539	0
-540	0
-537	0
-536	0
-533	0
-531	0
-528	0
-529	0
-529	0
-527	0
-526	0
-526	0
-527	0
-527	0
-528	0
-528	0
-528	0
-527	0
-527	0
-528	0
-529	0
-528	0
-526	0
-527	0
-528	0
-527	0
-524	0
-525	0
-524	0
-524	0
-523	0
-518	0
-522	0
-524	0
-532	0
-540	0
-548	0
-552	0
-548	0
-547	0
-544	0
-541	0
-537	0
-535	0
-536	0
-536	0
-534	0
-532	0
-534	0
-535	0
-536	0
-536	0
-537	0
-536	0
-534	0
-535	0
-534	0
-533	0
-533	0
-532	0
-531	0
-531	0
-532	0
-531	0
-526	0
-529	0
-530	0
-528	0
-529	0
-528	0
-528	0
-535	0
-543	0
-548	0
-552	0
-557	0
-557	0
-556	0
-553	0
-549	0
-547	0
-545	0
-544	0
-543	0
-543	0
-540	0
-542	0
-545	0
-544	0
-544	0
-545	0
-545	0
-544	0
-543	0
-540	0
-542	0
-543	0
-542	0
-542	0
-541	0
-539	0
-539	0
-541	0
-538	0
-536	0
-537	0
-537	0
-541	0
-547	0
-554	0
-559	0
-561	0
-562	0
-559	0
-557	0
-553	0
-553	0
-552	0
-550	0
-551	0
-550	0
-548	0
-551	0
-555	0
-554	0
-554	0
-555	0
-556	0
-556	0
-555	0
-555	0
-556	0
-555	0
-554	0
-555	0
-555	0
-552	0
-550	0
-550	0
-551	0
-551	0
-548	0
-549	0
-552	0
-560	0
-566	0
-576	0
-583	0
-585	0
-584	0
-582	0
-582	0
-579	0
-576	0
-577	0
-574	0
-572	0
-572	0
-572	0
-572	0
-573	0
-576	0
-578	0
-581	0
-578	0
-578	0
-577	0
-578	0
-580	0
-579	0
-576	0
-572	0
-572	0
-575	0
-574	0
-574	0
-575	0
-573	0
-570	0
-574	0
-581	0
-586	0
-595	0
-600	0
-603	0
-606	0
-602	0
-599	0
-596	0
-593	0
-591	0
-595	0
-592	0
-589	0
-591	0
-593	0
-594	0
-596	0
-597	0
-598	0
-597	0
-598	0
-598	0
-601	0
-600	0
-598	0
-597	0
-598	0
-597	0
-595	0
-594	0
-594	0
-595	0
-596	0
-596	0
-595	0
-595	0
-603	0
-615	0
-622	0
-627	0
-626	0
-624	0
-622	0
-619	0
-614	0
-612	0
-611	0
-613	0
-612	0
-613	0
-615	0
-617	0
-619	0
-619	0
-620	0
-618	0
-619	0
-620	0
-618	0
-618	0
-621	0
-620	0
-620	0
-623	0
-623	0
-621	0
-621	0
-622	0
-624	0
-623	0
-621	0
-621	0
-627	0
-638	0
-644	0
-652	0
-655	0
-654	0
-650	0
-647	0
-645	0
-641	0
-640	0
-642	0
-641	0
-642	0
-642	0
-645	0
-647	0
-646	0
-643	0
-643	0
-642	0
-643	0
-643	0
-647	0
-644	0
-641	0
-641	0
-641	0
-641	0
-641	0
-642	0
-641	0
-641	0
-643	0
-643	0
-649	0
-656	0
-662	0
-668	0
-669	0
-668	0
-665	0
-663	0
-660	0
-658	0
-654	0
-655	0
-653	0
-654	0
-653	0
-655	0
-657	0
-658	0
-657	0
-657	0
-656	0
-655	0
-654	0
-653	0
-652	0
-655	0
-654	0
-653	0
-653	0
-653	0
-655	0
-654	0
-652	0
-650	0
-651	0
-658	0
-668	0
-676	0
-684	0
-684	0
-685	0
-683	0
-678	0
-674	0
-673	0
-669	0
-668	0
-669	0
-669	0
-668	0
-671	0
-673	0
-671	0
-671	0
-672	0
-672	0
-669	0
-669	0
-668	0
-667	0
-667	0
-667	0
-666	0
-668	0
-666	0
-667	0
-665	0
-665	0
-665	0
-666	0
-668	0
-671	0
-679	0
-687	0
-693	0
-695	0
-694	0
-691	0
-687	0
-683	0
-682	0
-680	0
-678	0
-678	0
-677	0
-676	0
-675	0
-680	0
-679	0
-679	0
-680	0
-677	0
-676	0
-675	0
-673	0
-678	0
-676	0
-677	0
-679	0
-677	0
-676	0
-673	0
-670	0
-671	0
-671	0
-671	0
-671	0
-671	0
-676	0
-684	0
-692	0
-701	0
-705	0
-702	0
-697	0
-692	0
-691	0
-689	0
-688	0
-683	0
-683	0
-683	0
-688	0
-684	0
-687	0
-687	0
-688	0
-687	0
-685	0
-684	0
-683	0
-685	0
-684	0
-684	0
-685	0
-684	0
-682	0
-683	0
-683	0
-683	0
-679	0
-678	0
-679	0
-679	0
-684	0
-694	0
-701	0
-705	0
-708	0
-707	0
-701	0
-697	0
-695	0
-692	0
-689	0
-687	0
-688	0
-691	0
-692	0
-690	0
-693	0
-694	0
-695	0
-693	0
-694	0
-694	0
-691	0
-690	0
-694	0
-691	0
-690	0
-688	0
-688	0
-689	0
-688	0
-686	0
-684	0
-684	0
-686	0
-691	0
-697	0
-701	0
-709	0
-711	0
-710	0
-709	0
-705	0
-702	0
-701	0
-699	0
-699	0
-698	0
-699	0
-699	0
-696	0
-699	0
-702	0
-700	0
-699	0
-696	0
-699	0
-701	0
-701	0
-700	0
-699	0
-698	0
-699	0
-699	0
-698	0
-697	0
-697	0
-697	0
-698	0
-699	0
-696	0
-697	0
-704	0
-717	0
-726	0
-728	0
-728	0
-726	0
-726	0
-720	0
-718	0
-716	0
-712	0
-713	0
-714	0
-713	0
-714	0
-715	0
-715	0
-717	0
-717	0
-715	0
-713	0
-712	0
-712	0
-712	0
-713	0
-711	0
-711	0
-712	0
-711	0
-710	0
-709	0
-710	0
-708	0
-709	0
-707	0
-706	0
-707	0
-709	0
-714	0
-724	0
-730	0
-737	0
-738	0
-736	0
-732	0
-730	0
-723	0
-721	0
-724	0
-723	0
-722	0
-722	0
-722	0
-723	0
-722	0
-723	0
-724	0
-725	0
-724	0
-722	0
-723	0
-723	0
-724	0
-720	0
-719	0
-718	0
-720	0
-719	0
-717	0
-716	0
-716	0
-715	0
-716	0
-716	0
-715	0
-714	0
-713	0
-715	0
-725	0
-735	0
-741	0
-741	0
-743	0
-739	0
-737	0
-732	0
-731	0
-728	0
-723	0
-720	0
-721	0
-722	0
-723	0
-720	0
-725	0
-726	0
-725	0
-727	0
-725	0
-725	0
-723	0
-725	0
-725	0
-723	0
-724	0
-724	0
-721	0
-722	0
-720	0
-720	0
-721	0
-720	0
-719	0
-721	0
-724	0
-731	0
-739	0
-747	0
-749	0
-750	0
-752	0
-746	0
-740	0
-737	0
-732	0
-732	0
-731	0
-728	0
-730	0
-733	0
-736	0
-736	0
-736	0
-737	0
-735	0
-732	0
-734	0
-736	0
-735	0
-734	0
-736	0
-736	0
-735	0
-733	0
-732	0
-732	0
-729	0
-730	0
-729	0
-731	0
-734	0
-738	0
-745	0
-749	0
-754	0
-752	0
-748	0
-746	0
-743	0
-740	0
-739	0
-736	0
-736	0
-739	0
-739	0
-741	0
-739	0
-738	0
-739	0
-737	0
-736	0
-736	0
-735	0
-734	0
-736	0
-736	0
-736	0
-736	0
-737	0
-734	0
-734	0
-736	0
-735	0
-734	0
-737	0
-734	0
-736	0
-749	0
-757	0
-762	0
-764	0
-763	0
-759	0
-756	0
-755	0
-753	0
-753	0
-753	0
-752	0
-751	0
-752	0
-751	0
-750	0
-750	0
-751	0
-750	0
-747	0
-745	0
-747	0
-747	0
-746	0
-748	0
-749	0
-745	0
-744	0
-744	0
-745	0
-743	0
-744	0
-745	0
-744	0
-747	0
-754	0
-762	0
-768	0
-773	0
-773	0
-769	0
-766	0
-764	0
-760	0
-757	0
-758	0
-758	0
-760	0
-757	0
-755	0
-757	0
-758	0
-761	0
-761	0
-758	0
-756	0
-755	0
-757	0
-759	0
-757	0
-755	0
-753	0
-756	0
-756	0
-756	0
-754	0
-753	0
-755	0
-756	0
-753	0
-754	0
-759	0
-768	0
-775	0
-780	0
-783	0
-784	0
-781	0
-777	0
-774	0
-771	0
-772	0
-770	0
-768	0
-767	0
-766	0
-769	0
-769	0
-769	0
-769	0
-769	0
-769	0
-771	0
-771	0
-768	0
-767	0
-766	0
-766	0
-766	0
-765	0
-765	0
-765	0
-763	0
-762	0
-761	0
-760	0
-758	0
-757	0
-761	0
-768	0
-775	0
-785	0
-789	0
-788	0
-788	0
-788	0
-783	0
-779	0
-776	0
-776	0
-776	0
-774	0
-774	0
-774	0
-775	0
-777	0
-778	0
-776	0
-777	0
-776	0
-777	0
-779	0
-778	0
-779	0
-779	0
-775	0
-777	0
-775	0
-772	0
-773	0
-773	0
-770	0
-768	0
-768	0
-765	0
-770	0
-776	0
-784	0
-791	0
-797	0
-797	0
-798	0
-793	0
-787	0
-783	0
-782	0
-777	0
-779	0
-777	0
-776	0
-778	0
-778	0
-781	0
-781	0
-780	0
-779	0
-777	0
-778	0
-781	0
-780	0
-777	0
-778	0
-777	0
-777	0
-775	0
-775	0
-776	0
-772	0
-771	0
-771	0
-772	0
-776	0
-782	0
-789	0
-794	0
-799	0
-800	0
-796	0
-793	0
-793	0
-792	0
-789	0
-788	0
-787	0
-786	0
-787	0
-787	0
-786	0
-787	0
-789	0
-789	0
-789	0
-787	0
-786	0
-788	0
-790	0
-793	0
-792	0
-790	0
-786	0
-784	0
-785	0
-789	0
-788	0
-785	0
-784	0
-782	0
-781	0
-781	0
-784	0
-789	0
-800	0
-804	0
-811	0
-813	0
-814	0
-808	0
-804	0
-805	0
-804	0
-805	0
-807	0
-804	0
-802	0
-801	0
-802	0
-803	0
-804	0
-803	0
-804	0
-804	0
-802	0
-801	0
-799	0
-800	0
-799	0
-800	0
-802	0
-802	0
-799	0
-797	0
-798	0
-796	0
-798	0
-796	0
-795	0
-795	0
-796	0
-797	0
-800	0
-807	0
-817	0
-822	0
-825	0
-825	0
-822	0
-818	0
-817	0
-811	0
-811	0
-810	0
-810	0
-808	0
-807	0
-808	0
-809	0
-811	0
-810	0
-807	0
-806	0
-805	0
-806	0
-806	0
-805	0
-807	0
-805	0
-806	0
-808	0
-806	0
-805	0
-804	0
-804	0
-805	0
-802	0
-801	0
-801	0
-800	0
-799	0
-798	0
-800	0
-806	0
-813	0
-820	0
-824	0
-826	0
-823	0
-818	0
-818	0
-814	0
-817	0
-815	0
-814	0
-815	0
-813	0
-815	0
-819	0
-818	0
-817	0
-818	0
-819	0
-820	0
-819	0
-818	0
-816	0
-820	0
-820	0
-818	0
-815	0
-814	0
-814	0
-812	0
-808	0
-806	0
-805	0
-805	0
-806	0
-805	0
-806	0
-812	0
-819	0
-826	0
-830	0
-833	0
-832	0
-827	0
-824	0
-820	0
-820	0
-818	0
-816	0
-817	0
-817	0
-820	0
-821	0
-821	0
-820	0
-820	0
-821	0
-820	0
-822	0
-819	0
-818	0
-817	0
-816	0
-818	0
-816	0
-816	0
-819	0
-818	0
-817	0
-814	0
-813	0
-813	0
-812	0
-811	0
-816	0
-827	0
-833	0
-839	0
-840	0
-841	0
-840	0
-837	0
-832	0
-831	0
-831	0
-834	0
-835	0
-834	0
-832	0
-830	0
-832	0
-834	0
-833	0
-836	0
-835	0
-835	0
-835	0
-836	0
-833	0
-830	0
-831	0
-830	0
-831	0
-831	0
-831	0
-830	0
-831	0
-830	0
-828	0
-828	0
-828	0
-829	0
-830	0
-841	0
-851	0
-854	0
-859	0
-860	0
-859	0
-857	0
-854	0
-853	0
-850	0
-846	0
-844	0
-846	0
-847	0
-847	0
-847	0
-847	0
-849	0
-852	0
-851	0
-849	0
-848	0
-845	0
-848	0
-850	0
-849	0
-847	0
-845	0
-844	0
-844	0
-846	0
-845	0
-844	0
-842	0
-842	0
-844	0
-842	0
-842	0
-850	0
-857	0
-864	0
-868	0
-869	0
-871	0
-868	0
-862	0
-860	0
-856	0
-856	0
-858	0
-856	0
-855	0
-854	0
-855	0
-858	0
-859	0
-860	0
-856	0
-854	0
-854	0
-853	0
-852	0
-852	0
-851	0
-851	0
-850	0
-850	0
-851	0
-851	0
-852	0
-853	0
-852	0
-851	0
-849	0
-852	0
-854	0
-859	0
-865	0
-870	0
-874	0
-876	0
-874	0
-873	0
-869	0
-868	0
-860	0
-860	0
-863	0
-865	0
-862	0
-861	0
-864	0
-865	0
-868	0
-869	0
-869	0
-868	0
-866	0
-866	0
-867	0
-865	0
-864	0
-864	0
-866	0
-866	0
-863	0
-862	0
-858	0
-861	0
-861	0
-862	0
-860	0
-858	0
-862	0
-865	0
-872	0
-877	0
-881	0
-881	0
-876	0
-873	0
-873	0
-869	0
-866	0
-863	0
-863	0
-865	0
-865	0
-864	0
-865	0
-866	0
-867	0
-864	0
-863	0
-863	0
-864	0
-865	0
-863	0
-862	0
-863	0
-862	0
-860	0
-864	0
-862	0
-862	0
-864	0
-862	0
-860	0
-861	0
-864	0
-869	0
-875	0
-881	0
-887	0
-889	0
-888	0
-886	0
-883	0
-881	0
-879	0
-879	0
-876	0
-874	0
-875	0
-876	0
-875	0
-873	0
-875	0
-878	0
-880	0
-878	0
-879	0
-879	0
-876	0
-876	0
-875	0
-874	0
-876	0
-873	0
-872	0
-871	0
-872	0
-872	0
-871	0
-873	0
-872	0
-873	0
-879	0
-882	0
-885	0
-896	0
-899	0
-900	0
-897	0
-895	0
-893	0
-889	0
-887	0
-890	0
-888	0
-885	0
-884	0
-885	0
-884	0
-888	0
-888	0
-888	0
-889	0
-889	0
-888	0
-889	0
-888	0
-886	0
-884	0
-886	0
-887	0
-887	0
-886	0
-886	0
-885	0
-883	0
-884	0
-882	0
-882	0
-883	0
-882	0
-887	0
-893	0
-899	0
-904	0
-904	0
-905	0
-903	0
-900	0
-898	0
-894	0
-892	0
-892	0
-892	0
-891	0
-891	0
-894	0
-893	0
-895	0
-894	0
-893	0
-892	0
-893	0
-893	0
-893	0
-891	0
-891	0
-889	0
-888	0
-888	0
-888	0
-886	0
-890	0
-888	0
-887	0
-886	0
-882	0
-884	0
-887	0
-893	0
-901	0
-908	0
-910	0
-913	0
-913	0
-910	0
-908	0
-908	0
-904	0
-903	0
-904	0
-905	0
-906	0
-907	0
-909	0
-907	0
-908	0
-908	0
-909	0
-908	0
-906	0
-906	0
-907	0
-905	0
-905	0
-907	0
-905	0
-903	0
-903	0
-901	0
-901	0
-899	0
-897	0
-898	0
-900	0
-902	0
-910	0
-916	0
-918	0
-921	0
-919	0
-916	0
-913	0
-913	0
-913	0
-914	0
-911	0
-911	0
-913	0
-914	0
-915	0
-917	0
-919	0
-921	0
-921	0
-921	0
-921	0
-920	0
-923	0
-925	0
-925	0
-925	0
-928	0
-929	0
-928	0
-930	0
-935	0
-935	0
-934	0
-934	0
-940	0
-948	0
-956	0
-955	0
-950	0
-952	0
-951	0
-950	0
-949	0
-945	0
-942	0
-944	0
-944	0
-948	0
-947	0
-939	0
-939	0
-941	0
-945	0
-943	0
-939	0
-939	0
-937	0
-940	0
-940	0
-936	0
-933	0
-933	0
-934	0
-935	0
-934	0
-933	0
-931	0
-930	0
-932	0
-930	0
-936	0
-944	0
-949	0
-950	0
-946	0
-942	0
-939	0
-935	0
-930	0
-926	0
-927	0
-925	0
-922	0
-921	0
-921	0
-919	0
-918	0
-920	0
-919	0
-916	0
-913	0
-910	0
-906	0
-906	0
-908	0
-908	0
-905	0
-903	0
-902	0
-902	0
-902	0
-900	0
-896	0
-893	0
-890	0
-892	0
-895	0
-899	0
-906	0
-909	0
-913	0
-912	0
-908	0
-905	0
-901	0
-901	0
-899	0
-895	0
-891	0
-888	0
-885	0
-884	0
-884	0
-884	0
-883	0
-882	0
-877	0
-874	0
-875	0
-880	0
-880	0
-878	0
-876	0
-878	0
-875	0
-873	0
-875	0
-878	0
-874	0
-870	0
-869	0
-867	0
-869	0
-870	0
-874	0
-877	0
-882	0
-892	0
-898	0
-898	0
-895	0
-892	0
-887	0
-887	0
-887	0
-885	0
-884	0
-884	0
-886	0
-889	0
-888	0
-887	0
-887	0
-890	0
-887	0
-885	0
-884	0
-889	0
-890	0
-885	0
-887	0
-887	0
-891	0
-888	0
-888	0
-892	0
-892	0
-893	0
-891	0
-887	0
-885	0
-887	0
-889	0
-896	0
-903	0
-908	0
-910	0
-910	0
-909	0
-907	0
-905	0
-905	0
-902	0
-899	0
-898	0
-897	0
-895	0
-899	0
-900	0
-901	0
-906	0
-904	0
-904	0
-903	0
-906	0
-904	0
-903	0
-903	0
-902	0
-904	0
-902	0
-902	0
-900	0
-899	0
-897	0
-898	0
-895	0
-895	0
-895	0
-892	0
-894	0
-895	0
-894	0
-898	0
-907	0
-918	0
-925	0
-928	0
-928	0
-928	0
-922	0
-918	0
-916	0
-917	0
-914	0
-912	0
-908	0
-909	0
-909	0
-908	0
-910	0
-909	0
-910	0
-915	0
-913	0
-909	0
-910	0
-906	0
-905	0
-904	0
-900	0
-899	0
-898	0
-897	0
-896	0
-891	0
-887	0
-884	0
-881	0
-881	0
-883	0
-883	0
-880	0
-883	0
-887	0
-895	0
-904	0
-910	0
-914	0
-913	0
-914	0
-911	0
-908	0
-906	0
-905	0
-902	0
-901	0
-898	0
-895	0
-893	0
-897	0
-902	0
-903	0
-905	0
-905	0
-903	0
-899	0
-904	0
-908	0
-908	0
-902	0
-903	0
-902	0
-903	0
-901	0
-899	0
-901	0
-906	0
-909	0
-909	0
-911	0
-914	0
-919	0
-921	0
-921	0
-921	0
-921	0
-920	0
-925	0
-934	0
-941	0
-948	0
-950	0
-952	0
-947	0
-939	0
