6.010088118807171043e+01
2.632296599097224998e+01
2.254444978506090536e+01
3.376446833186589913e+01
9.819319484175963453e-01
-1.804586692936950953e+00
3.403475260829846860e+00
6.622708483808022351e+00
4.186966961533501319e+01
1.011608490676634347e+02
1.395123185563497259e+02
2.459391381884596797e+02
2.424549729478735003e+02
2.330710284270895443e+02
2.077960856688766285e+02
1.746365950057193572e+02
1.425969288092455542e+02
1.096797130851330309e+02
9.888614786977143467e+01
9.121633640241964258e+01
5.366939306085770767e+01
5.124352005950175482e+01
5.793638291883724634e+01
7.474513472414901116e+01
7.966634919689272465e+01
9.069585260717678921e+01
8.582867456161763187e+01
8.105893770830560641e+01
8.337990640858544111e+01
4.078403443442476828e+01
4.826294175872712344e+01
5.280784051405164803e+01
3.040946020353997881e+01
2.305800225192859898e+01
1.174336398935200521e+01
1.545521216592219105e+01
7.183096098111192873e+00
5.916410550269390001e+00
7.644478455786156701e+00
-2.643436416054626648e+00
1.041853259246366292e+00
7.159427359848393735e-01
1.139441684992391401e+01
2.409285327739929983e+01
9.082671575057815971e+01
1.686112270730948239e+02
2.304607017814261951e+02
2.373877682997782870e+02
2.294027504453393931e+02
2.215135981576146378e+02
1.547259673486045699e+02
1.110432987943281660e+02
1.004674860111309158e+02
9.399931208237029523e+01
5.363855541654368153e+01
5.538405442902762843e+01
5.223411114964437729e+01
6.618647376767182777e+01
8.023836813127647360e+01
9.138635822388698671e+01
1.086262056452507352e+02
8.595275813153278932e+01
6.835977715684160216e+01
8.084016466770432885e+01
7.438613901287641283e+01
5.998911013946664639e+01
6.063974413319348855e+01
3.932810718867403921e+01
1.804365910308402476e+01
7.775466392527135895e+00
2.951241513651609694e+01
3.724331365989974074e+01
3.395667516337550751e+01
2.964064041450416198e+01
2.228301061409476347e+01
2.871290556552139606e+00
2.139276220617495028e+01
7.834678814356266230e+00
-2.815920295132855244e+00
-5.720741453096707119e-01
4.581309284557079309e+00
1.766503703591033059e+01
1.016998703371000943e+02
1.867063937661058048e+02
2.327041749022033912e+02
2.607109142607308740e+02
2.477419853152773044e+02
2.408101544302890034e+02
1.799257105503591276e+02
1.560965345185365152e+02
1.443287079207645718e+02
1.256267513776413125e+02
1.169937422226855119e+02
1.034315015219021348e+02
1.009406804038740120e+02
1.055208956821686570e+02
1.211707547635495530e+02
1.218878098458233694e+02
1.226684014192489371e+02
1.315076510959868301e+02
1.063994538041832811e+02
7.733638939547361701e+01
8.230997372695509284e+01
7.331094929183092290e+01
8.932923548356691867e+01
6.235401858613599302e+01
4.737359159115612783e+01
4.037562395005957683e+01
6.534731137836246262e+01
7.027544583534125877e+01
4.514616580715875216e+01
3.794490702551919981e+01
3.265665376046862889e+01
3.026601083298277217e+01
3.675725649749972490e+01
9.114366348349449254e+00
-1.679051592703302731e+00
-2.639480447557190246e+00
3.823337038730022641e+01
4.296615992505257964e+01
3.258516484517963363e+01
1.001162321655618825e+02
1.515848830524312234e+02
2.040156375096977399e+02
2.834314996924408661e+02
3.128534335993647346e+02
2.812995689141764615e+02
2.467849067862467223e+02
1.953216353692570237e+02
1.739194749678209746e+02
1.395861926701984999e+02
1.123278163698997787e+02
1.001489780985082803e+02
6.505318660944357134e+01
7.504294916634432866e+01
8.812012250098302957e+01
9.728581291564057665e+01
1.045402455113727456e+02
1.198826725311061523e+02
1.153113008153121086e+02
1.118231383777366545e+02
1.014140401191174874e+02
8.907874270880847689e+01
7.381096867576223985e+01
5.360354976150415496e+01
5.144857959787270829e+01
5.133761578120868307e+01
4.726170142205700131e+01
4.921136625480471594e+01
4.717666739682465504e+01
4.814716985182707276e+01
4.211196685684831209e+01
3.405967017722610990e+01
4.297847045862943105e+01
2.085621775002556433e+01
3.068033231567687835e+01
3.743802585766866287e+01
3.311620327476259718e+01
1.070139508546185425e+01
-3.820199353763371164e+00
2.953751229960613500e+01
9.079878617963373699e+01
1.629875830452596119e+02
2.461269556675619015e+02
2.752383269417882730e+02
2.463406584936295758e+02
2.464501595655068513e+02
2.095805759932562182e+02
1.547431891111179425e+02
1.279471844475722264e+02
1.182002000992081321e+02
1.065085946907703942e+02
9.087754484500260332e+01
8.331116209870128841e+01
9.881264921321411521e+01
1.203843758382679425e+02
1.380277234970973268e+02
1.127428698691782074e+02
1.045286123567512959e+02
9.538262093335868030e+01
1.033015202864186222e+02
1.012809812771400857e+02
8.331564175152891494e+01
6.839912674577806229e+01
5.452422813966290960e+01
4.368305382169137374e+01
5.386716643808949812e+01
4.106769180454500656e+01
3.027521706508116495e+01
3.947991868680287553e+01
3.067167038464435791e+01
3.583995107435288219e+01
3.697393295497187182e+01
3.106242982603396285e+01
3.009388574774214931e+01
8.056434156001046176e+00
-3.062092452142110233e+00
1.972605785601854222e+01
4.443922731678571836e+01
1.030955609058835876e+02
1.557127592067632804e+02
1.953074918472669310e+02
2.368948713276446369e+02
2.274880570732279921e+02
1.980978395606352365e+02
1.677327343859136590e+02
1.203992761667149125e+02
6.910232219334676529e+01
8.084552576335516960e+01
6.263184915106444350e+01
5.646344617554103706e+01
4.434184433735987341e+01
5.126800650263407988e+01
7.724245211903371455e+01
1.002651879541634798e+02
8.733544835110677695e+01
8.345146500106739040e+01
8.861059624076574437e+01
9.580936589227189870e+01
6.804341167169349092e+01
7.230741320147899387e+01
6.959536966996012097e+01
3.990055719133653156e+01
2.521555592611093743e+01
2.253254702921390162e+01
2.784345950001693382e+01
4.613999701242079254e+01
1.941358480573103407e+01
4.065518671928316508e+01
5.085557245656451641e+01
3.000510516919553083e+01
2.209363945307200083e+01
2.411072985303803762e+01
2.304570997754319706e+01
5.887672327738300737e+00
-3.374521052325917481e+00
3.024793300467820245e+01
6.877754913139131077e+01
1.282365394811236570e+02
2.236464284316942894e+02
2.560274579955271292e+02
2.583976337207617462e+02
2.157724008809572069e+02
2.071646207733355709e+02
1.555849969711097174e+02
1.470421614012848295e+02
1.325431901408963995e+02
1.090936888453658753e+02
1.056979377382131133e+02
9.035912610606959561e+01
7.307938625618919559e+01
8.785994690456465150e+01
1.107013059733259297e+02
1.076030827851338358e+02
1.165637896495892960e+02
1.085808628454652762e+02
1.146505730136383931e+02
9.276810498635683189e+01
6.092749709013855863e+01
7.712185997045139629e+01
6.734369499779234047e+01
4.658473232405856379e+01
2.583602866419715838e+01
5.808817488583173372e+01
7.433150349629931952e+01
6.655576612118795765e+01
5.174997107105059513e+01
3.790246109877887193e+01
1.900106145755319176e+01
4.303321837594324961e+01
5.498618807190382540e+01
2.184679643120625769e+01
-3.398680522259041936e+00
2.123581476743368057e+01
2.777029267462813777e+01
1.022455121552002311e+01
6.961811070337824958e+01
1.469703892059595773e+02
1.943001086099136501e+02
2.246245210979984677e+02
2.199589358518856557e+02
2.003164158080360266e+02
1.757078243135515550e+02
1.351420215513761036e+02
1.246261106262102771e+02
1.021658432225391380e+02
8.776572476374144571e+01
6.142923901476376614e+01
7.715899208330500869e+01
7.795697578467377298e+01
8.182441034425818316e+01
7.976173641768809830e+01
1.087685764164900775e+02
9.884375513482643782e+01
7.698500968109499354e+01
8.318908872614218808e+01
5.945197109071750674e+01
4.376880370468268211e+01
7.113413897818821852e+01
5.054209163334741106e+01
3.598606505088321228e+01
3.145895719060240481e+01
2.895330615166096777e+01
2.846133544364340651e+01
1.997497904307226690e+01
3.648588631311559993e+01
2.198550686715066149e+01
2.464925459691585274e+00
2.291500699018411069e+01
2.532659170881902355e+01
1.269029071571702616e+01
-1.003538154918260261e+00
-1.764663971790582764e+00
2.040716954256402005e+01
7.952984765868757222e+01
1.616210515754265771e+02
2.246976671931507781e+02
2.257749642017140559e+02
2.158659653142981938e+02
1.919814354944430193e+02
1.511299810460351978e+02
1.233182884586059913e+02
1.155515329218766851e+02
9.783365644268394590e+01
8.816744551253520967e+01
6.055470828637339764e+01
9.699637124468597449e+01
9.249275532087762031e+01
8.904321148464043745e+01
1.176461657781132999e+02
1.292991538113198544e+02
1.289985347326257852e+02
1.137393746988591374e+02
1.055154498815004445e+02
7.131939905828312476e+01
6.214280585244216581e+01
6.997654069322152282e+01
4.881085258180655728e+01
6.163529075397525503e+01
5.243891633697967336e+01
3.821017410516458312e+01
2.393698444371125333e+01
1.460688563606004209e+01
2.520717659580748204e+01
2.272501016769365378e+01
1.014728712469252514e+01
4.460680989677030084e+00
-3.348236187351744775e+00
4.707063036797308087e+00
1.564655498482682106e+01
5.649016890880909614e+01
1.212576775952666139e+02
1.709682889290326102e+02
2.096399982181644646e+02
1.972890910878302293e+02
2.129297567632158916e+02
1.545742115785960777e+02
1.552325425706781061e+02
1.429132910340531453e+02
1.186234459378867996e+02
9.636856711843392986e+01
7.515302817748954567e+01
7.598023903117757527e+01
1.028528580653402287e+02
8.377278386342902650e+01
7.874088648031499815e+01
7.375719824303030236e+01
9.382096406974198999e+01
1.139306913066346851e+02
1.110839490902519628e+02
7.727716725022423816e+01
7.950566477669087817e+01
4.876398788811820850e+01
3.604588774632497916e+01
3.534462787325105637e+01
3.265311133195893945e+01
3.296388773923240478e+01
3.326918018074127303e+01
2.256088210327811794e+01
2.483055426183364034e+01
1.006953180257733038e+01
-1.731098433863962782e+00
1.041964969781849959e+01
-4.699439837120280572e-01
1.608296143710504111e+00
5.766724044264958593e+01
1.247197431927072557e+02
1.787780820010809748e+02
2.258532872775365377e+02
2.179546016510199706e+02
1.870890092176039161e+02
1.512613145273445525e+02
1.284744512402055534e+02
1.447298404030054826e+02
9.202761831805014481e+01
8.036647398924139907e+01
7.074417614429762580e+01
4.515768984619694493e+01
4.760327271615574318e+01
5.507673079849223541e+01
9.557339410479676189e+01
9.008804187935174923e+01
7.661449763249891021e+01
8.314568399416089051e+01
6.867375744928426684e+01
4.319004302597545575e+01
5.468517901476661791e+01
3.414937180575930142e+01
4.357228093726507723e+01
6.094322445387706466e+01
6.625108467737891260e+01
5.148413449730969660e+01
4.962998429236131415e+01
3.367572959988001458e+01
1.260796965736881248e+01
-5.870330549651043839e-01
-2.923142136612000286e+00
6.591643273157842486e+00
3.397852622501864062e+01
9.925864385321142436e+01
1.664527935067146700e+02
2.055807799480684253e+02
2.206607434118769788e+02
1.787087683249455949e+02
1.417387325066447374e+02
1.177627266886613597e+02
8.079142421535721041e+01
8.883432080382681306e+01
7.190010425692241824e+01
5.199657403428886937e+01
5.513081059452804311e+01
6.630937443050106594e+01
9.453827472696275436e+01
1.098228575749229776e+02
9.716752368264496909e+01
8.257557552981575100e+01
8.004934392088489403e+01
7.359033390454715118e+01
5.019925003605783331e+01
4.187606096733281902e+01
4.162023335778712863e+01
2.943081510622619135e+01
2.530643790912120039e+01
1.724543915479250700e+01
1.224590316718069971e+01
5.305741815834608133e+00
2.422744511270934709e+00
2.594647606588068811e+00
-1.180836772560951431e+00
1.609397755300028621e+01
1.942857332180608410e+01
7.383227233261516176e+01
1.413142020984531655e+02
1.818827518096215954e+02
1.875448975144011001e+02
1.933057964335537235e+02
1.501687303388667942e+02
1.571350479441626931e+02
1.322045962759611939e+02
7.137565101030213555e+01
5.464516577726294599e+01
4.200938045041061741e+01
5.446398845165424518e+01
1.900426310909824679e+01
3.162493311096261550e+01
7.232053710283616965e+01
9.508529748097646461e+01
1.029127134362695415e+02
8.379533330662673052e+01
8.372467630282471873e+01
6.769142368230711782e+01
5.968541945575407226e+01
5.769583071960892084e+01
3.471122771611999269e+01
2.971960372922808347e+01
2.570860493059706187e+01
3.266558029585314671e+01
2.957762171457295608e+01
3.243149442052992981e+01
3.021366787128067699e+01
1.591028720943700137e+01
2.050719544093215063e+01
2.099007646882705558e+01
9.344409124228377550e+00
-4.445376625217249966e-01
-3.391588405172910825e+00
1.014928733137739982e+02
1.612323458799860418e+02
2.128493127503970754e+02
2.513646450584822105e+02
2.547970854445891291e+02
2.191628629026147337e+02
1.714756584556014332e+02
1.107469614979621610e+02
1.089865466675253174e+02
1.062030811325039394e+02
9.040414219564468112e+01
8.559624512888308345e+01
6.678500116273244203e+01
7.097516556525476972e+01
9.217082575449978776e+01
8.937535939686165420e+01
7.759122245047637989e+01
8.281997711988537958e+01
1.030624096974056556e+02
7.731847827558249264e+01
5.558711032286441878e+01
5.486646012291635088e+01
5.115412608830069985e+01
4.444715796697846599e+01
3.974209396564992858e+01
4.203502781943564059e+01
4.432165584251617929e+01
1.859725399879414454e+01
6.856655035613357541e+00
-1.905494272222313157e+00
6.305384283539751777e+00
1.550290479893192241e+01
4.700618316143504671e+00
1.911920848315389776e+00
1.815016140240527420e+01
1.442866986616218128e+01
5.776059462572175107e+01
1.521589397805207682e+02
2.336361318240499259e+02
2.452030756604021917e+02
2.198683398323526035e+02
2.006380408519189587e+02
1.505160965477205082e+02
1.155044183679676735e+02
1.216034125999059370e+02
9.681233048659646556e+01
9.312920723697436642e+01
4.155110993666937702e+01
5.607417437923868420e+01
6.369412084714008415e+01
8.640610888108767540e+01
8.020466108058735699e+01
7.608343598405576813e+01
9.203529008329860517e+01
9.805231903576191144e+01
7.612569814599078200e+01
6.124562219533981988e+01
5.140152470818225083e+01
5.058222675266915758e+01
5.477603538170399133e+01
7.597075182592266174e+01
6.215362955560703995e+01
5.231116233352099698e+01
1.842922238613198260e+01
1.949315882828432223e+01
3.248813648259852016e+01
2.639912524010605921e+01
1.721077011047373162e+01
-9.254788788416590251e-02
1.547338015574518977e+01
1.989368770547491749e+01
-3.846646508383400942e+00
1.223715730760466158e+01
5.216830694549253167e+01
1.129698878257601109e+02
1.856644636858180775e+02
2.352734685641984242e+02
2.378164798547962846e+02
2.143107222168209773e+02
1.957710421446831788e+02
1.452101430255710284e+02
1.266387705362513998e+02
1.250662182520607075e+02
9.650051336063006602e+01
7.994843238740747893e+01
6.841578685270678761e+01
8.990758879251814051e+01
8.842816608496298159e+01
9.398094753227474030e+01
1.055684776550258448e+02
9.919236116431329719e+01
9.885314708645728388e+01
8.855039252416622730e+01
8.628266604867758360e+01
8.404765072730390330e+01
6.484216680069653194e+01
4.766219403299919577e+01
3.850306376668675057e+01
3.335963072229310455e+01
3.122636458971464890e+01
2.109740146254034698e+01
2.696656517071335202e+01
2.382746857016195463e+01
3.367345485116243253e+01
2.349762892930539238e+01
2.229275898563264491e+01
7.051378224896552638e+00
5.765796924259120715e+00
-2.571745152899552522e+00
3.093409883069853095e-02
9.591708518937821282e+00
3.412845163756878719e+01
1.206589410677854630e+02
2.002006131381328942e+02
2.327696975877456680e+02
2.363804221496271794e+02
2.170446868598044148e+02
1.847720279500825882e+02
1.445698112053968316e+02
1.224435546904028342e+02
1.133973307716432828e+02
1.054339873801138765e+02
8.955523847350264077e+01
7.776174366962334261e+01
8.505326703390460352e+01
6.742879501433787937e+01
1.048864635262436877e+02
1.274237341969925410e+02
1.120370197893194018e+02
1.077214588286169601e+02
9.447106947007978306e+01
6.727879265431431577e+01
5.213662461123237790e+01
4.003588878281891539e+01
8.096738724481292593e+01
7.292152171406519301e+01
3.488788423355424584e+01
3.785533763104103855e+01
3.581239585544437887e+01
4.574719430230618400e+01
4.064751024321071782e+01
2.850066347779852549e+01
3.429356733060785700e+01
3.301285011954200854e+01
3.064479722683086038e+01
2.517536390620284692e+01
-3.409801036586486589e+00
1.787469945057910081e+01
6.904832633217165494e+01
1.671303618256694108e+02
2.191393976652865376e+02
2.230923542816192366e+02
2.220039607112868225e+02
1.828867150673657989e+02
1.547508954233251188e+02
1.436049509854829012e+02
1.154557834512029331e+02
8.330885846833950836e+01
9.016848712691262335e+01
6.503814742835720608e+01
6.392041568923707473e+01
6.681721784464127722e+01
9.872984062550210638e+01
1.216589025905727794e+02
1.156040350002001560e+02
1.125636525257050380e+02
8.753501379805811666e+01
8.651425181170498035e+01
7.749662421095331410e+01
7.647652349759221124e+01
5.944756720716918608e+01
6.040260810999598107e+01
4.033390450071215128e+01
5.723311064787594660e+01
3.309147748100065201e+01
1.589968359849342505e+01
-2.351923316013881049e+00
3.032684542427443830e+01
1.694967422008153335e+01
1.529944203675768222e+00
1.108086701058300605e+01
5.615638976886657474e+00
4.314734563000001799e+01
7.368901634094640940e+01
1.592532490072928795e+02
2.158519046364431233e+02
2.054952517033107142e+02
1.731914001637628644e+02
1.589464050211497579e+02
1.297645893648198125e+02
9.664868682007113421e+01
8.060013336630811409e+01
8.361939849606710595e+01
7.370614570054999604e+01
8.385920227697420160e+01
7.407665846109944141e+01
7.435576589666266045e+01
9.769303546081596323e+01
7.908423447305199261e+01
9.952415332250870961e+01
8.800679155597924819e+01
5.452515347872315488e+01
6.807136332808431689e+01
4.363700008987132151e+01
2.921296203625934140e+01
4.778971106942276492e+01
2.435741696191553274e+01
2.790577158918085843e+01
2.642422325249231108e+01
8.901941195407289342e+00
1.832783041925063117e+01
1.069070690593491690e+01
1.097920335906837863e+01
-2.818154424810472847e+00
9.287049558803005311e+00
1.131138467711775775e+01
2.271327426846482922e+00
1.418324119085559687e+01
5.306346663873659963e+01
1.129282026076691636e+02
1.777931173001659317e+02
2.376727496367130925e+02
2.245798606066235834e+02
2.025248344717141435e+02
1.855158096951953439e+02
1.355588994919330617e+02
1.096583619186961869e+02
9.281709944325837114e+01
7.903691794977373775e+01
5.931869515140192561e+01
3.966251839212281993e+01
5.306788182896480066e+01
7.953388299377218118e+01
7.705908873957014293e+01
6.164127058055476027e+01
8.727742944003375669e+01
8.896394982860920209e+01
7.169634348258864520e+01
5.746923249878125262e+01
7.527652201056116610e+01
5.011154245897705550e+01
3.496687151985736364e+01
2.683458575360600662e+01
4.270641205191122936e+01
4.757380896060340092e+01
3.242780796139231825e+01
2.325896479789753357e+01
2.057510935658569906e+00
-2.186554749433184952e+00
8.516746043404396005e+00
2.017923529690028772e+01
4.381264982632319516e+01
2.542852465458838651e+01
5.903795667811311887e+01
1.076517885080676251e+02
1.772802723760549952e+02
2.329325839957933795e+02
2.446161262782767380e+02
2.083359728086594487e+02
1.760947510108329652e+02
1.108930049489604244e+02
7.772951773969498390e+01
6.860196356964070219e+01
6.950723933022391066e+01
7.244155589323520417e+01
6.040042905807172247e+01
6.437865020857134368e+01
3.937040672428156540e+01
6.536924219824732063e+01
8.136830651944592319e+01
1.203600958844323259e+02
9.533629280669606487e+01
7.128737619876812914e+01
6.220287161025066780e+01
5.107159171698390310e+01
5.288172716609267354e+01
4.262095788878400526e+01
5.327643499899386370e+01
4.483488340107885506e+01
2.828249523504541685e+01
4.460501429206556168e+01
2.278790153835848287e+01
4.881617189000030521e+01
3.967461238405189761e+01
-3.652478104145302495e+00
2.181880255462669993e+01
7.108844745845885882e+00
3.323782066696503534e+01
8.822583142698908887e+01
1.520926457567163652e+02
1.858571501286310195e+02
1.865367100887592642e+02
1.791468326116261096e+02
1.547011593046547659e+02
1.182115403069418562e+02
8.668827874599116967e+01
7.014049563390290132e+01
6.057644509998965532e+01
6.300367986860771907e+01
7.342914689966221431e+01
8.085916311625942399e+01
8.729931115003637387e+01
9.175436504099889135e+01
9.622822583604079227e+01
1.157238770384055897e+02
8.824333986907788585e+01
8.578747831027158099e+01
7.435627391080163306e+01
4.094885034469962193e+01
4.456358772325802420e+01
2.819845666926562444e+01
1.785098216963422146e+01
2.751840722670885953e+01
3.219779633301288868e+01
1.088593879699737954e+01
-1.420698050850660366e+00
2.742442605677979373e-01
-1.868302412015054870e-02
1.271106859726978655e+01
1.847423427033322696e+01
6.628142202997878485e+01
1.451430551687730031e+02
1.660688941650614652e+02
1.980672480666380579e+02
1.791447652323549846e+02
1.543061133485832670e+02
1.085541686540419732e+02
8.889026432631658281e+01
5.531464800130561343e+01
3.582667841226430028e+01
2.242516114596764965e+01
2.810854352240676235e+01
3.287504860996114076e+01
5.072261839157499708e+01
7.064886609970585596e+01
6.065089774062721517e+01
7.372511283195103715e+01
4.186730438231177232e+01
5.907252814921548634e+01
6.833542121712434891e+01
3.365002994521864821e+01
2.800971733846631651e+01
1.740750990153605926e+01
7.836154041922441138e+00
1.028822209202110116e+01
1.975620802268713305e+01
2.123250292255499971e+01
8.709300318178293310e+00
6.178581411081040642e+00
6.322403097835831431e-01
-1.937890663008147385e+00
3.246001449300911190e+01
1.098371413058621329e+02
1.642043507034326240e+02
1.945714052421889164e+02
1.859464254350925785e+02
1.663355860810526110e+02
1.367432025147235208e+02
1.091719267148986319e+02
8.762304322834643244e+01
7.109674488256769109e+01
3.559234827463092188e+01
3.110845903415543034e+01
2.864332686727811961e+01
3.219489039554468945e+01
5.176080180723215562e+01
7.433839134171284968e+01
7.692447163034103141e+01
9.451511192055750143e+01
6.710561221508703511e+01
5.069032736553492668e+01
4.926294116738426965e+01
3.581663051284408539e+01
3.734407966471189866e+01
4.183761471947957489e+01
4.028918833284217271e+01
2.769033478434812423e+01
1.032185461662265880e+00
1.630559484910168067e+01
2.050140710912876330e+01
3.610303348256820755e+00
-2.377240341071910734e+00
-4.707839694485755899e-01
3.634386108354294720e+01
8.408558657017420046e+01
1.317729208041062066e+02
1.944235512431338293e+02
2.310538476158442336e+02
2.216782354153118604e+02
1.943088295961349559e+02
1.509555283305578541e+02
1.206262867025290006e+02
1.023275502407138902e+02
8.906455821091026337e+01
6.484152660341419505e+01
5.366178076293942922e+01
6.652799761893356845e+01
8.344231748303661789e+01
7.140621538691152637e+01
9.342033193904637756e+01
1.014845936857752804e+02
9.159799297011238650e+01
7.575850728913462717e+01
4.996319815998936065e+01
7.720836951475075693e+01
6.948982565351070662e+01
5.380259879266600365e+01
5.414102625035638994e+01
4.349890731873369987e+01
3.786949987968739606e+01
3.924562682603345820e+01
3.261973235558900797e+01
2.798386820990253909e+01
2.632975993319837471e+01
2.164885323101862014e+01
4.932330511306190601e+00
4.171157693470718186e+00
-2.643748626382716793e+00
1.647848643627344245e+01
7.855514881474437061e+01
1.646033596574710600e+02
2.116394545614059552e+02
2.316781230899047159e+02
2.367319384117769232e+02
2.168111569146014972e+02
1.539236676665727828e+02
1.190751916243159485e+02
1.382699105077790591e+02
1.115108152849935550e+02
7.879951422488613844e+01
6.213650048823046745e+01
5.952147924065752704e+01
7.595353428279327090e+01
8.343115420047035968e+01
1.059520680441784179e+02
1.095131705528650627e+02
1.091102969447974829e+02
9.773818730653749753e+01
8.239049062167669035e+01
6.805987849193388683e+01
7.073819861412141563e+01
6.741661808626690799e+01
5.408559662441155069e+01
4.373491977841604239e+01
4.035383224217457609e+01
3.493114136038320794e+01
2.145525093941546402e+01
3.991421547423101401e+01
3.529587490727999466e+01
3.758767003885736813e+01
1.077668871050900634e+01
1.884964288708033564e+01
2.779313676652941467e+01
-3.406413949614488956e+00
3.423712850880974656e+01
-2.560680126797478806e-01
1.413382196015027148e+01
7.542918202097996527e+01
1.396522544252702573e+02
2.068245271366616862e+02
2.669660915962508625e+02
2.490949709998626531e+02
2.032265188824061397e+02
1.613735978290796993e+02
1.295470381598931908e+02
1.227560564588779926e+02
9.700857383968354952e+01
9.231128385539443570e+01
9.866990997335710745e+01
8.808925254807877536e+01
7.157312523496693757e+01
9.412446079690369061e+01
9.674547626551839130e+01
1.024374474278322396e+02
7.820068261610299487e+01
1.040344657881142894e+02
8.393729889482347062e+01
6.490664354252987778e+01
5.493912196454436980e+01
3.803070732774187945e+01
2.017682340777798800e+01
3.237251367323460727e+01
4.261261982445921603e+01
2.989165983666202919e+01
2.420372555885455768e+01
7.542609923449163034e+00
1.890186382560330003e+01
4.427496273437498076e+01
3.965519310018305532e+01
2.103539862381910552e+01
-5.919735458564900910e-01
6.765313386029674803e+00
5.105410030074608585e+00
-1.573600656258804520e+00
6.726313230392179321e+00
6.201890386394643429e+01
1.083178561551903840e+02
1.746362348258716111e+02
2.139860214191755858e+02
2.223774511159397207e+02
1.878186192367868443e+02
1.583153973278288049e+02
1.308717787489853208e+02
9.849017370620276779e+01
9.317168368764032493e+01
8.491642527971976051e+01
6.172358335202613944e+01
5.059149360989158595e+01
9.051787452281462265e+01
8.649993864535770172e+01
1.165339933533375643e+02
1.316154810231844294e+02
1.177386786913953074e+02
1.118965472396561154e+02
8.908087016286606286e+01
7.328231199045126232e+01
6.749064644313648387e+01
6.369491441852642311e+01
5.688348190776127922e+01
4.704407795283646010e+01
3.316386276092816843e+01
5.822952609843264327e+01
3.722742609311899287e+01
3.614333857749522849e+01
4.496266710980830794e+01
4.467045381491948319e+01
3.125129119101859487e+01
4.268932503175756210e+01
2.096838861787603037e+01
-9.281116631367467562e-01
9.830208923223153761e-01
-3.305745176628988702e+00
3.819804883891833924e+01
2.751988604218752243e+01
1.186848675559135700e+02
1.767178193039708276e+02
2.316423803615587076e+02
2.504804226256835591e+02
2.292515015695480542e+02
1.859726678621281053e+02
1.646586796573840275e+02
1.213224353825969501e+02
1.039751868782520887e+02
8.562697276048015738e+01
7.628679189354306800e+01
7.796278687197479940e+01
7.766233742239080584e+01
9.239204364353793153e+01
1.011577290107888984e+02
1.129642930790796527e+02
1.178156238260560258e+02
1.067144795864326170e+02
1.066624405386860417e+02
7.766001971649689040e+01
5.070666352913985975e+01
5.480104178569263240e+01
5.094131722859697220e+01
3.712510458987662787e+01
2.434950918838319467e+01
1.361126509192240519e+01
2.190686287320727388e+01
2.023265699229989423e+01
3.058478284063448882e+01
3.595917348307455086e+01
3.735145613665588371e+01
1.975689842667895846e+01
1.817039446388344004e+01
1.558664079002437575e+01
5.000152242912236034e+00
-1.594712206050530767e+00
-2.036435869842989632e-01
5.183598244929157772e+00
5.757928783394231687e+01
1.169956478883248110e+02
1.994443253234675240e+02
2.149357970982821371e+02
1.984785457284276617e+02
1.660789043715915341e+02
1.157412214000050881e+02
9.746818439685534941e+01
1.012613235331156147e+02
6.812119429791505354e+01
3.404733956714733267e+01
5.603862100476328578e+01
5.809355980131795150e+01
5.921011676115597311e+01
7.938567175302489431e+01
9.961701254450417764e+01
1.069001330464556077e+02
5.723003099961522366e+01
5.060063514338776258e+01
7.500530191686812032e+01
2.943688175279953612e+01
4.388747503090633018e+01
4.734888776209493244e+01
4.881248708252132928e+01
6.269166639463833235e+00
1.470933195532961690e+01
1.212332586085949515e+01
-4.986559065255278256e-01
4.833461157336500946e+00
1.411473312911425637e+01
-6.598322491361159337e-01
4.350463161731045147e+01
1.460958304734754165e+01
2.265604531355256768e+01
-1.355104407327871741e+00
1.457678450099967904e+01
1.346590014785806488e+01
2.432628487472447887e+01
7.717184636407455400e+01
1.340162490355356795e+02
2.008723855902712785e+02
2.257518085669546508e+02
1.956640617804026760e+02
1.756164315273470038e+02
1.336142474639012789e+02
9.966108308186403519e+01
9.475917573055937737e+01
6.790976614848045756e+01
4.711314748236259220e+01
3.936893378127922460e+01
4.967626796282968371e+01
7.903389925527483229e+01
9.844008012419590159e+01
1.008922726961815215e+02
7.938695469701860929e+01
7.991959492976684487e+01
8.448486832793901158e+01
9.807665062909870812e+01
6.768797272212600546e+01
6.431088472939472922e+01
5.293675989355142519e+01
4.655632834839479983e+01
4.215979086012453081e+01
4.273688263165695389e+01
3.427691726799957905e+01
3.976878100533360794e+01
3.520101731066768025e+01
2.956177196319958966e+01
2.083883873195418346e+01
-2.980284231763562275e+00
2.109169283496407843e+01
3.007183273453028960e+01
3.597698735239976031e+01
1.782370785571004035e+01
2.262818564172494007e+01
5.340643387062971215e+01
1.231742394207529969e+02
2.069468551060848540e+02
2.247383019982212318e+02
2.025605317002067522e+02
1.984232484320660888e+02
1.683341308085069841e+02
1.562988732117526069e+02
1.303214866827177048e+02
7.440441927358483554e+01
7.754881582166956377e+01
7.275507712009448369e+01
7.002282847382366526e+01
6.535096763704984824e+01
7.873769213568084524e+01
9.218054598594835625e+01
8.867628582716235996e+01
1.222207464931726690e+02
1.238088760549710514e+02
1.214344003760839996e+02
8.608980723127729107e+01
5.376637005131283331e+01
5.145450136887939152e+01
4.914407605296548809e+01
4.582445442754601572e+01
6.748450537583471487e+01
4.511263953650131953e+01
4.769659270316151378e+01
2.522364954303532159e+01
2.068061775741580277e+01
1.305405281110029136e+01
2.533030336270837779e+01
6.249558753033124958e+01
4.753587012902630704e+01
-3.563508982024359284e+00
1.418231469765930797e+01
5.879380512328839359e+01
6.729128442692717726e+01
1.116944868025884716e+02
1.800224735314412783e+02
2.442931889497864404e+02
2.375227771691892258e+02
2.117249393693248294e+02
1.669110015020962692e+02
1.320901722700131131e+02
1.062699912655697290e+02
9.145667717953790543e+01
8.765538600277682235e+01
7.787035915937360642e+01
6.310496151955521782e+01
5.636177924995683952e+01
8.664276746759867365e+01
1.079493176717079450e+02
1.082819549338371417e+02
8.664012483236251683e+01
1.060221901261108997e+02
6.742564717266077423e+01
7.284693210768909921e+01
8.528180681040100808e+01
4.372530469068055936e+01
3.117160634034325994e+01
4.461445509815803234e+01
5.404728258682973774e+01
4.646307428451245869e+01
5.085427519653376294e+01
5.421286569747837802e+01
2.253031761917918629e+01
1.279756066481218113e+01
2.200529923437682100e+01
4.144109752266558644e+00
-2.795651410118011881e+00
3.317633067752581155e+01
6.307829950308769185e+01
1.029281667911507157e+02
1.627432134833021564e+02
2.315396912394616038e+02
2.393322242874140784e+02
1.891331214580320648e+02
1.599522982599453371e+02
1.247977788705691182e+02
9.967598794433547482e+01
7.959210215788755249e+01
8.755030142798909765e+01
7.055396975038229357e+01
8.060561561779422846e+01
7.070704198325449852e+01
7.985924574363673401e+01
9.806251672539428910e+01
9.531634616252324577e+01
9.061924466385175947e+01
8.996876967474622688e+01
8.736157244812648059e+01
7.779340454921521086e+01
5.925914392751087689e+01
4.475289059846681994e+01
2.926815198609665458e+01
1.979798798550837091e+01
1.433516581028970904e+01
2.887225469414852341e+01
9.401680519134060887e+00
2.915580444748684386e+00
9.405997613689351056e+00
-2.135053987151309229e+00
2.843455691429426224e-01
4.677445398820509581e+00
1.305749177467419031e+01
7.043768419504249323e+01
1.408310915833463923e+02
1.982500784861645116e+02
2.167056011391596257e+02
1.852066332772095620e+02
1.467599815791807032e+02
1.203706006576057916e+02
9.504197752520212816e+01
6.577639548868000929e+01
4.557518743497462310e+01
4.143902848706636632e+01
3.836813801606024299e+01
5.836232100277652535e+01
6.242099874665507286e+01
7.854300892392575406e+01
1.047265650008309876e+02
7.296909501352411098e+01
6.226697973250793439e+01
5.761587023733522983e+01
5.501079493776114759e+01
4.344620608483774049e+01
3.891600582166802269e+01
2.341366182929391471e+01
2.293225262869941616e+01
3.146462260424982560e+01
2.200338681778373484e+01
2.454084568491418850e+01
1.006907958738611342e+01
2.457992349848723279e+01
2.206511170070962180e+01
5.161326773106793553e-01
-2.075745739569583748e+00
8.280739120882117277e+00
7.259758662941771945e+01
1.338867133493970414e+02
1.841593098683133576e+02
2.134252279065257198e+02
2.036924775912945051e+02
1.459669347976014251e+02
8.725243847565207034e+01
7.355136790630376709e+01
6.686522984602879660e+01
6.619479553762039359e+01
5.254016757157296524e+01
4.890078659042501386e+01
6.527556783503916904e+01
5.666293753841182479e+01
8.306066917786108661e+01
9.746596960132956156e+01
8.287521505006805000e+01
7.728380710563146749e+01
2.768631859742367851e+01
-9.234504832227230509e-01
1.344802299183879768e+01
3.680348742108253646e+01
2.714555672275264442e+01
2.247647678021894535e+01
-2.017779787161089189e-01
2.811254210898232486e+01
1.742320246835697617e+01
4.733687399029577136e+00
1.004730696859689942e+01
1.836732390778161061e+01
7.696900474236031187e+00
2.039015252373474141e+00
-6.034301423976557999e-01
5.377244551517878790e+01
1.221755517174819943e+02
1.996142602324359814e+02
2.150957210724476454e+02
2.066250881073215169e+02
1.582053642496512111e+02
1.188374861611491724e+02
1.105208084498848393e+02
9.325349734906603771e+01
6.903261388381588404e+01
6.685428654428426398e+01
3.871395349448209799e+01
5.960638435555529213e+01
6.352596160911457446e+01
9.546647167292724134e+01
8.942106570514442865e+01
8.338194019920024402e+01
8.134039743787127463e+01
6.828690588453196142e+01
6.821112059858216981e+01
4.810201377036264603e+01
5.594787547900818936e+01
4.873651478351587230e+01
2.645518126412753190e+01
2.809063713593707234e+01
4.062938006222532294e+01
2.105762679990164088e+01
3.236118781207392203e+01
1.352566298558201652e+01
-3.463671404612341576e+00
4.337832565982250799e+01
5.807139727455069078e+01
4.563485275197945157e+01
2.508742069054324020e+01
5.444737334014894259e+01
3.573273207649640426e+01
1.279609738015526545e+02
2.491492180899629147e+02
2.503133049066341300e+02
1.824665827242921523e+02
1.736198968826138298e+02
1.447822680554488670e+02
9.396098071767767124e+01
1.061618715215004158e+02
8.338983750930947281e+01
5.864871410478201597e+01
4.694150283321994266e+01
6.527061873278375970e+01
6.963800742660532705e+01
8.404496183162927991e+01
8.449207848472588012e+01
9.697911347314641262e+01
7.650497796335685052e+01
6.906761333068811837e+01
6.466419590069131118e+01
3.929121132278453388e+01
2.394449860442659883e+01
2.261950384096292055e+01
1.631143368275252215e+01
3.001526858511590490e+01
3.572582588903674150e+01
1.437622782812695732e+00
-8.551808035176691192e-01
8.415606838569829051e-01
2.530536054974959370e+00
4.214425704267796391e+00
8.958847208068618784e-01
6.577526049406628772e+00
3.261953676033499505e+00
-1.048294188606632815e+00
3.649288046653964557e+00
3.936767843192808414e+01
1.251198185244472825e+02
1.879182562046592011e+02
1.937742881548260812e+02
2.036973318746474888e+02
1.666948671209413533e+02
1.237723366772064537e+02
1.089335163782702693e+02
8.618094433559315348e+01
8.451606932547167617e+01
7.493947831475884414e+01
6.945091310961424824e+01
5.704936612141420937e+01
6.773313525240337185e+01
8.649994791116500892e+01
1.253468541749298311e+02
1.032700391214490310e+02
8.426443435993235198e+01
8.732393879919823121e+01
7.544160870372127192e+01
4.960962709858813469e+01
4.181942259279776408e+01
3.806192769907795537e+01
4.132765673593075917e+01
4.360674340258060511e+01
4.888890812168472166e+01
4.016343524846581658e+01
3.741912024906537226e+01
3.164435695527197367e+01
1.382716500767162415e+01
3.195524760328044067e+01
2.801616966746428261e+01
3.099717657311271068e+01
4.885233531418975872e+00
-3.333004218189557832e+00
4.032906971137879282e+01
1.018913584193555835e+02
1.853733617142751200e+02
2.557935604910871916e+02
2.201685819111244200e+02
1.955124952001148131e+02
1.998371678979672197e+02
1.551525124196379011e+02
1.224664428084039400e+02
1.077853215824181916e+02
9.911428659540547415e+01
9.745739784787497229e+01
8.581772419746994274e+01
7.719735992785490453e+01
9.359754114545228276e+01
1.210187319830851038e+02
1.034604605981646728e+02
1.009210449607820692e+02
1.183977684364226661e+02
8.288690518012208486e+01
7.438354536923179694e+01
8.188195031205100349e+01
5.737563748142508757e+01
5.285730553069640791e+01
4.131907935683238975e+01
5.775255528374464120e+01
3.014891644455133246e+01
3.949876844681682542e+01
4.379241540894111040e+01
2.801976646163905116e+01
2.817029281147176789e+01
1.923318546733560197e+01
-2.802646264801296638e+00
8.051514589174303183e+00
8.812383439561472187e+00
1.496595181513612260e+00
1.512069658634868574e+01
4.570121945943265018e+01
1.062545443991654111e+02
1.777965949917517037e+02
2.363422322779524620e+02
2.349045393325779969e+02
2.074942358081159455e+02
1.681196923116601738e+02
1.297872045079468535e+02
1.385013868647888557e+02
7.826555597795436370e+01
5.508164342934276192e+01
2.795079814529310624e+01
4.687361823570972774e+01
8.385042230251542605e+01
9.688106021145063096e+01
8.696454332403254739e+01
8.009891419117604983e+01
8.228134571836289979e+01
7.850820982193249620e+01
5.377505560476697610e+01
4.007664708764991701e+01
4.340721054080904651e+01
4.476057146800064857e+01
1.913012130087531659e+01
3.650880386536891820e+01
6.488937168620418561e+01
4.626421220006477597e+01
2.262506394991760317e+01
2.196320283660759287e+01
4.426967851033964507e+01
1.253532098929076710e+01
2.075051759485268121e+01
3.905530295206744995e+00
9.990413553358166610e+00
-3.004817222990141090e+00
6.909753469729139397e+00
1.675405925914128602e+01
1.335479646753360612e+02
1.803111667078107985e+02
2.280620268664155219e+02
2.338171035493329555e+02
2.165906745344768751e+02
1.663946794287249986e+02
1.292388919322100946e+02
1.101314217982705941e+02
1.120790863913254043e+02
1.090876017615753426e+02
8.516156316835736106e+01
8.830447499499018704e+01
7.851899000916080240e+01
7.580687793380639050e+01
9.216912330196350922e+01
1.096059525778897523e+02
1.191166705346088293e+02
9.769948588561908309e+01
8.835141617771364508e+01
8.206850196282618981e+01
6.084590027872866358e+01
6.267794747817333700e+01
5.555837145490954754e+01
4.848027332321180438e+01
4.743619861363970358e+01
3.841820805401926009e+01
2.941788801019038146e+01
3.642644066591219598e+01
3.343477402606390569e+01
3.143343183111778671e+01
2.741262347380575193e+01
2.336224401254162331e+01
2.727191437950421005e+01
1.513102188443212981e+01
2.592868111791995034e+01
2.865385536034352754e+01
7.295248605267374842e+00
-3.158721692297376649e+00
1.728028897017452437e+01
8.963218072491395105e+01
1.689166809012617705e+02
2.281526205067513047e+02
2.283571413821066471e+02
2.075451038418470944e+02
1.817290846290782156e+02
1.419195850358669304e+02
1.301252890634336836e+02
1.303534615171483892e+02
1.096100659494902629e+02
8.489976237832308925e+01
8.022611472085122841e+01
9.259183789665473796e+01
9.599884456416600642e+01
1.074481214634386106e+02
1.079396953460801569e+02
1.094725184824835651e+02
1.080444637460878994e+02
9.365230928514733932e+01
9.329175280327854125e+01
6.895755548100510168e+01
5.164354558132208695e+01
4.634286179166974762e+01
3.604812636403244142e+01
7.075149812177596687e+01
6.344477540700245299e+01
2.311904904683228779e+01
4.476477542063116744e+01
4.437217971727488930e+01
3.893103947788426922e+01
5.143068852178305406e+01
3.586007135789986933e+01
3.020761818827759271e+01
2.746140061424569012e+01
9.609188160951362079e+00
-3.361524260464761937e+00
1.853666216925603294e+01
7.532472789673465741e+01
1.160234680019705138e+02
1.826529243176844375e+02
2.262319784419167945e+02
2.077776854434648612e+02
2.143048380713415781e+02
1.608261512977051098e+02
1.563521970463333446e+02
1.198919389794905328e+02
9.445277723747062737e+01
9.804091304117753225e+01
7.266160308374253418e+01
7.731912364916661318e+01
7.701702440541976102e+01
1.027580818292352660e+02
1.025443022271025484e+02
1.033766643246924559e+02
1.042551214046535506e+02
9.317859298299072179e+01
8.314495602449483158e+01
5.815115570802663569e+01
5.719330576288689372e+01
6.326693840681934944e+01
5.336701392450981984e+01
4.748785993126034555e+01
3.562327037223360549e+01
4.076656431399283065e+01
4.391070459039781326e+01
3.504824636966486651e+01
6.317130571296456765e+01
3.727164819900372095e+01
5.734040769343198463e+01
5.036834534541662833e+01
4.734564890004776316e+01
1.626200241896208354e+01
-2.893383492692919390e+00
1.486853915020583372e+01
5.556572323387376855e+01
1.012159729591346604e+02
1.868365368695802999e+02
2.354436513490729794e+02
2.270516844161062409e+02
1.626726496526605388e+02
1.273162901238720224e+02
1.189907221683805574e+02
1.127027889619248526e+02
1.174581437730216749e+02
5.926131284229802532e+01
3.711564782894311065e+01
2.602390777901734964e+01
6.198848058210296585e+01
9.001149388870442181e+01
1.230944554645200242e+02
1.072379729603092073e+02
1.004414230822765148e+02
1.047031101568970826e+02
7.202033409641455819e+01
4.638934778197108244e+01
5.980568389136760743e+01
4.326441120892718573e+01
5.676000046213391670e+01
3.428648973435929292e+01
2.583734950896973714e+01
2.540570740443467912e+01
2.098443266572769517e+01
1.956614048074879975e+01
2.214323619307083391e+01
1.870792948486223395e+01
1.125220860592867211e+01
7.767874726781428762e+00
5.246616495845046302e+00
-2.319955117203221562e+00
4.005971839114863542e+01
1.104003718760336596e+02
1.787163395954007683e+02
2.090208518034803546e+02
2.203253515911062550e+02
1.846391918405939805e+02
1.399695221807429562e+02
1.173216458484341729e+02
8.569946638532667293e+01
8.610571411662090213e+01
8.154226237285308798e+01
5.001012342741773864e+01
6.850949413108560293e+01
5.804007123339260943e+01
4.260086638893358213e+01
7.519031085159031136e+01
1.078064098665806796e+02
8.744641677601362062e+01
8.110650685789948966e+01
9.278198092608067782e+01
6.046732872933091585e+01
6.315611219661423092e+01
4.284128858360782033e+01
3.251518358486657689e+01
1.816969448205941262e+01
2.079639340501989864e+01
3.538667078663615939e+01
3.893170909586217476e+01
2.142233693494392810e+01
-2.151006410963759663e+00
8.201904119924392944e+00
1.849278214343917170e+01
1.873325925636959255e+01
9.347821276833201409e-01
5.710861009375560116e+01
1.262659931431404630e+02
1.704176101782911701e+02
2.055728774417290197e+02
1.917395069998735835e+02
1.719231551903696982e+02
1.411275609557923190e+02
1.033547440071641859e+02
8.960531277989844057e+01
8.387884216196835041e+01
7.317401098821937921e+01
6.448865930507497524e+01
5.781989541884922801e+01
6.116418274926274989e+01
6.551740651708178120e+01
8.787484030124517176e+01
1.052311025066259162e+02
1.065799327896941122e+02
6.891401849589465201e+01
7.822498117134443874e+01
3.950375322197589867e+01
4.374048480390933946e+01
2.692493103573269764e+01
2.004640963118538366e+01
3.109396905469623107e+01
7.056457306597621937e+00
2.492241144753143089e+01
2.468029797356598465e+01
3.183341566551689539e-01
-3.175509534227217046e+00
1.518673418655134810e+01
2.342475594487041235e+01
2.455809449926755406e+01
2.760605436072034991e+01
6.658769445926122899e+01
1.195217976643790507e+02
1.904264809686178523e+02
2.193186661465452971e+02
1.892133707079187843e+02
1.571234189758341699e+02
1.380597431396796537e+02
1.330317041546538803e+02
1.020472823785235050e+02
8.711312785201369024e+01
5.823487014302577336e+01
6.241726768818227811e+01
7.466449657540420048e+01
6.198010871993574256e+01
5.736690939205527684e+01
7.782708406095377995e+01
1.003622445267279772e+02
9.297322431863403835e+01
9.165985334348283686e+01
9.042103177584203877e+01
6.425474319174531956e+01
3.115806695690889683e+01
3.512743988961608466e+01
2.915898722748067939e+01
3.824848293371712771e+01
5.239140938166747219e+01
2.358286645984412644e+01
3.381743014266567116e+01
6.089440575886101215e+00
4.339289973095742425e+01
2.672174868492584210e+01
2.106949458584017520e+01
-1.570622635737890960e+00
1.279442625580736603e+01
2.717336101622299793e+01
4.257477345699373927e+01
9.500698365599407680e+01
1.564778859433633897e+02
1.689944245794040398e+02
1.965619790455583598e+02
1.881842388790231553e+02
1.728629279972044515e+02
1.175978884751193618e+02
7.538723375850486264e+01
6.422790131421334081e+01
5.111607473675951496e+01
5.804729534164459892e+01
5.801659328362211454e+01
6.201841824449229534e+01
6.904663974012203198e+01
7.809450710219607572e+01
7.915457919600169134e+01
8.521863394175466055e+01
8.027765771387885252e+01
8.232178470045857921e+01
6.834034631300096407e+01
6.632185074516576151e+01
5.625412278714918557e+01
3.412432401063983889e+01
3.191905344609858730e+01
2.962456888074609651e+01
-2.773191088731437048e+00
2.171141588866316852e+01
3.009173634290391419e+01
2.938089968980546018e+01
2.659173442781957419e+01
3.473677524640083902e+01
2.382829091765961493e+01
-1.217971540456801449e-01
2.589819415273359482e+01
7.090116471301564616e+01
1.488997554198770104e+02
1.889058981547468647e+02
2.189300358015001393e+02
1.919807221850306860e+02
1.720643218298739612e+02
1.411852794533432416e+02
9.234631912953375377e+01
7.854875307974543830e+01
7.479297006208707899e+01
7.207857334713605724e+01
4.940441827576910327e+01
4.876863940313000967e+01
6.716887724017988148e+01
7.360228461148608403e+01
9.206534265284335561e+01
7.955379647720008052e+01
8.006247054407822361e+01
7.758539377503439027e+01
5.911579446691962403e+01
6.864612506264688818e+01
5.716824684718449134e+01
6.267333464424973499e+01
6.115199159509165838e+01
4.459419410761245217e+01
4.098930706979842853e+01
1.932624942769496101e+01
2.759353023427615881e+01
2.677946528002212290e+01
8.872094420110215651e+00
1.785918971506509934e+01
-3.271565495532968271e+00
3.467333535999273408e+00
9.096074496645428553e+00
3.563481040005376599e+01
9.210360329912759880e+01
1.705221588986655661e+02
2.249092618674336563e+02
2.162819916526086672e+02
2.056551786087485425e+02
1.700414902704940232e+02
1.494515376206999235e+02
1.188942312273184143e+02
8.737698714292480417e+01
9.190603247778233253e+01
9.648672057228259291e+01
9.012348570649237445e+01
7.081979729327269979e+01
7.157822351062770849e+01
8.440062433858804525e+01
1.142881439749493211e+02
1.132410826112636641e+02
7.825859755764292913e+01
7.633871371337284017e+01
7.947867339176332280e+01
6.767495551898696249e+01
4.992324423448189918e+01
5.521854692813121801e+01
3.855537175737526923e+01
4.492767469418527071e+01
3.832902615681507541e+01
3.575254728677100502e+01
4.919097593529795631e+01
2.563669242816786209e+01
4.808158518139339321e+01
4.451728624406268864e+01
2.693494684941151718e+01
2.032527305781309224e+01
-2.321298419827826365e+00
2.198546587466239544e+01
8.258989170671497959e+00
4.051247484292798617e+01
9.975904367626867497e+01
1.720114113307813568e+02
2.072812958761168147e+02
2.285786952678124635e+02
2.059115346484467182e+02
1.672854533736453959e+02
1.337040316836880720e+02
1.061691769643200587e+02
8.968145956096986993e+01
7.824038812729588699e+01
6.784457450236095610e+01
6.149184812134603817e+01
7.617935997368704193e+01
7.790364613033875685e+01
7.166048086865578171e+01
8.544485942953110680e+01
8.325106044904964619e+01
8.207250811470180452e+01
9.090179410337293575e+01
7.773068936686706820e+01
8.255005583904699051e+01
5.534997814688165363e+01
6.111971541678144604e+01
7.784797327537489764e+01
4.352284615213625329e+01
4.413164999680634537e+01
5.966126553066419547e+01
4.709813215848885193e+01
3.142809267240363624e+01
2.263651888321010119e+01
-3.291531679216745943e+00
4.628772149808582981e+00
1.415143936447066153e+00
6.085250959138647886e+00
2.965674634488345873e+01
5.147222368172151619e+00
3.857397473603191429e+01
1.079542476832652937e+02
1.873048997049279478e+02
1.936417097535984340e+02
1.959785837328581692e+02
1.923274911291907756e+02
1.716984416432427452e+02
1.130995217007488236e+02
1.085371007430276222e+02
8.601641721618011616e+01
7.654162419529984618e+01
6.611601459130804415e+01
7.074211589888363960e+01
7.542179445255976589e+01
8.315620916571060661e+01
9.494576473376525882e+01
1.017900342900612713e+02
9.968764151028858578e+01
7.663619216979395787e+01
5.963229516750925541e+01
7.067179304044452692e+01
5.774993200265794258e+01
2.486125155027707478e+01
2.199971368010949391e+01
3.015903177644736388e+01
4.233269922644547023e+01
3.951390782694033987e+01
1.969542604777655015e+01
1.986962721972054169e+01
1.102868771927819580e+01
1.164585226683129804e+00
1.426918713529198612e+01
-6.656508073908753431e-01
8.351784454266976354e+00
2.531985582746403907e+01
1.123684270155399645e+01
-1.899228732668348130e+00
1.090955534716511011e+01
7.468008205846183500e+01
1.424291294230757785e+02
1.981727286620402992e+02
1.979254867050944995e+02
1.947000287546907202e+02
1.745070007584145060e+02
1.533551016635640281e+02
1.222512853474300982e+02
9.120097213628650934e+01
9.120835984355335313e+01
8.827673427292904762e+01
6.540846914451378780e+01
8.360505541106499550e+01
8.586732994064811919e+01
7.419529355077418131e+01
1.015880883856548280e+02
1.020441146365666327e+02
8.656075661390195819e+01
8.013437818690681524e+01
7.776047761726090357e+01
7.343375182286195013e+01
6.714812011683159199e+01
7.389676747477346908e+01
6.067220739109018268e+01
6.746621439250930052e+01
5.926995628368467806e+01
4.207392620712585085e+01
2.586802460577962393e+01
4.864173118333053480e+01
5.038426696321710097e+01
4.108436655156560846e+01
3.173026071183255681e+01
3.930976936380875486e+01
2.581039512467805253e+01
8.219247513930326932e+00
1.452317794710438648e+01
-3.291044352736207657e+00
2.676320460569229454e+01
8.270542634675769023e+01
1.495548547627820426e+02
1.763298966918235919e+02
2.050474634233935376e+02
2.157227029480357032e+02
1.943687127816593829e+02
1.549964332131442006e+02
1.176148608442421164e+02
1.062314423123732468e+02
9.485244810634912938e+01
9.448308640055802243e+01
6.912761684490726566e+01
7.278935425843997109e+01
7.847092218403042807e+01
1.011742162710098683e+02
9.590034745948764794e+01
8.164941494741003680e+01
9.242055892924895488e+01
7.921210310532683252e+01
6.002144697037647347e+01
5.984519789809928625e+01
5.867936304772729272e+01
3.451935112651335658e+01
3.435998404808015039e+01
4.219573853253859852e+01
3.802074770015929062e+01
3.382872271382723284e+01
2.561299452895025297e+01
4.366555813708828282e+00
-1.917856893662019502e+00
7.752449279514280533e+00
1.138932659628255806e+01
7.004549795194520811e+00
2.360977972153591509e+01
1.321660717509439564e+01
1.283638685785990674e+01
1.848034130575092604e+01
6.915956469081766045e+01
1.348849663816968132e+02
2.016667641513780609e+02
2.285138269231871391e+02
2.024330069528082277e+02
1.794288713576560212e+02
1.545039629250760527e+02
1.206590301537000869e+02
9.189327650253073898e+01
5.020469884026897489e+01
5.859037510285065764e+01
5.904688117922330548e+01
8.257020705458307930e+01
7.815575224531426102e+01
8.879809056573071757e+01
6.949101427262371544e+01
6.122742764187864850e+01
9.899954003923812706e+01
1.127989485561677157e+02
5.961626028873229188e+01
3.844095434351152107e+01
2.826191366448199460e+01
2.906763678607683232e+01
2.984633962359214365e+01
3.958594741595652522e+01
2.827408693870228262e+01
7.897989107887838145e+00
2.144460209870231893e+01
3.890079510644386573e+01
3.225322288038944407e+01
4.148815116186477781e+01
4.059152315996635707e+01
1.454886720227841579e+01
-3.654694298846834499e+00
1.296581558027071424e+01
1.543188415935640023e+01
6.876486909997981911e+01
1.439859737448687156e+02
1.961157137880599066e+02
2.011731650638524798e+02
1.841754422494072969e+02
1.611376482902348926e+02
1.320730443774225478e+02
1.149932803255744602e+02
1.009086852188510193e+02
8.982843820860966844e+01
8.676070935935558737e+01
7.271277045121212268e+01
7.369102565720845632e+01
8.770115202266970300e+01
6.474808968266415832e+01
7.883590176073994371e+01
8.796800389954842103e+01
9.514702338272377347e+01
6.837470781386082308e+01
6.165185332632063364e+01
6.697857230638601322e+01
5.035436062180644967e+01
4.677804435460802779e+01
4.924794604321050429e+01
6.176192044558979433e+01
5.331732984026143640e+01
3.191091888653625119e+01
1.953889907042662344e+01
3.119716276875567473e+01
2.588140696935556662e+01
1.858701668843048083e+01
7.309118128115187574e+00
7.042651620377000654e+00
2.178248440600157210e+01
9.523413299258209008e+00
-1.739982710427966595e+00
4.398678013223491234e+01
1.127155680098161383e+02
1.914578072370834434e+02
1.922237969731243084e+02
1.700219217989538265e+02
1.298586440576170844e+02
1.187387258729409041e+02
7.766563078231138206e+01
7.464163493585590459e+01
6.666823782739368198e+01
4.274619253439470867e+01
5.487558545195065562e+01
6.305607551322793825e+01
6.928677289553854735e+01
7.656615721543892050e+01
9.089201522175665104e+01
9.326136800174708696e+01
8.467032772251343431e+01
7.711407393747867900e+01
5.558693949678854551e+01
4.408248610984969673e+01
2.359371961667307005e+01
3.111320503240847302e+01
3.463327143500976035e+01
1.314593677037998987e+01
-1.357127348292351599e+00
2.711561923281340114e+01
2.956927436972750911e+01
2.400866476228782176e+01
4.438321417588554141e+00
-1.374647439236014179e-01
1.328555281498336171e+01
1.171299390433409826e+01
2.215034547862433101e+01
7.760297736241068378e+01
1.400760378767951124e+02
1.705738993131059260e+02
1.850995332022928324e+02
1.686542053363125433e+02
1.462373305117894233e+02
1.438466369832942746e+02
1.164783906320928963e+02
8.512741887308084188e+01
6.878738433724743118e+01
6.745109838139273961e+01
6.711068448847368018e+01
6.375759163046302547e+01
6.738259767248860044e+01
8.397584290376187255e+01
9.452679378751702188e+01
9.702407702855964544e+01
8.245537406375706269e+01
7.280739608920612227e+01
5.606602974726342836e+01
4.921643360632424447e+01
3.724320557448641011e+01
4.513045139551127249e+01
4.386190438110440937e+01
4.742084653845722642e+01
4.679012125571671277e+01
3.595209771256486420e+01
3.688867718747076196e+01
3.058140143792638810e+01
-4.988556665348482966e+00
1.115966993435176846e+01
3.405678397481949560e+01
6.073337659714775327e+01
1.382196983745898251e+02
1.935453925466324563e+02
2.237387201557786511e+02
2.438260067906057884e+02
2.518313406524898710e+02
1.797763716827384997e+02
1.856802315092528488e+02
1.715602539962156925e+02
1.374319162054946446e+02
1.353089795964173163e+02
1.142038313091485406e+02
1.201275053940571524e+02
1.150898938631987676e+02
1.400996874535749157e+02
1.531644260032486500e+02
1.262902483534085150e+02
1.264817617009827018e+02
1.247423103404157700e+02
8.507397374853530891e+01
7.047758397906568462e+01
5.895312234599350631e+01
8.649986538746588849e+01
5.211650011040615027e+01
5.180084852308380050e+01
3.755021146876708826e+01
4.336137178223862065e+01
5.223073679616641130e+01
3.315428022950095510e+01
2.912745349382419136e+01
2.714537645791619980e+01
3.120287771602170324e+01
2.629451440862112577e+01
-5.854683525824384560e-01
1.556911598970259547e+00
-1.278514741318872439e+00
2.490806805283568792e+01
9.412924776998511334e+01
1.543973631180006123e+02
2.077238115122754607e+02
1.971184463945713787e+02
1.805890439685350657e+02
1.401414092533493658e+02
9.677954137775725485e+01
8.550603805640889732e+01
7.332252920854034528e+01
7.522978969300675089e+01
4.722786114337077379e+01
5.731603289529869016e+01
5.249312200584495258e+01
6.675737237173530048e+01
8.310650295847517555e+01
6.253756515784607473e+01
6.404677929659987967e+01
5.762974032583633743e+01
4.328140272886230377e+01
4.499614469158132124e+01
3.776791158586888741e+01
3.259019882215329744e+01
3.545612413174706035e+01
2.435847934397429526e+01
2.628970172691788321e+01
2.624198496386679835e+01
1.720725984109185447e+01
1.917719472501448763e+01
1.143285909456494664e+00
8.096837916292201953e+00
1.102914383453628488e+01
-2.068584215176088037e+00
5.794755596351819804e+00
3.630930254626491660e+00
1.745164879759840915e+01
5.526858395391502654e+01
1.210932339357359524e+02
1.629365442693808745e+02
1.748082495488304176e+02
1.547164550026215011e+02
1.326675177767956484e+02
1.206662478528446627e+02
8.671612853708211333e+01
7.181943647334310299e+01
5.197758114417786146e+01
4.219125383777100069e+01
5.746062606649593363e+01
3.778544743018710506e+01
4.216489292241817566e+01
6.659775968228848342e+01
9.008242319996793412e+01
8.161659298802942430e+01
4.419707773481457025e+01
3.981986996273462864e+01
3.548052022342290002e+01
8.217418086981354008e+01
4.889564944963774451e+01
4.663890176881727712e+01
2.939742467677979221e+01
3.116423863393447391e+01
1.693207012644347742e+01
2.069333399808272134e+01
-5.597242280732643849e-01
7.164934037709599579e+00
8.649390302038000300e-01
2.153784933484121211e+01
1.918121488766348648e+01
5.792370246218524699e+00
5.368458155904818341e+00
5.906563438418629630e+00
-1.596282769125650702e+00
5.985689160475146764e+01
1.222790054963933244e+02
1.786823792732272977e+02
2.000781105126259263e+02
1.904755099681692627e+02
1.578818876123322070e+02
1.513026486624900144e+02
1.167416195171415438e+02
1.162011135482989630e+02
1.126822767117791955e+02
8.918509295226340328e+01
6.470841939166575685e+01
5.825022130097136142e+01
6.280781686697048372e+01
7.237794177424052577e+01
7.895670362918963292e+01
9.153948625880786949e+01
9.312088392304883655e+01
8.869457548700347616e+01
8.225330860692349688e+01
5.478894399330556553e+01
5.829251982356026929e+01
6.175452638565798225e+01
6.116487104237057792e+01
3.951284361120610811e+01
4.178712226096195081e+01
-2.400996800054144842e-02
2.067312093457076116e+00
-1.950806525945608882e+00
2.690971852938980646e+01
2.365646017225617470e+01
1.529672221826137957e+01
2.783757191841118583e+01
2.285923556488796748e+00
1.264841304055789806e+01
-1.068346580553452441e+00
2.114213125785170178e+01
5.329700590281049699e+01
1.334132252800472997e+02
1.785072043452275921e+02
2.055940239217637782e+02
1.716869797610248725e+02
1.787973116741407011e+02
1.439345426024430026e+02
1.011064075141465537e+02
9.731920203203981146e+01
7.757821071483658670e+01
7.288774492922971149e+01
6.925134025980491970e+01
6.967180341369828511e+01
6.215124858464309909e+01
4.869109324833857499e+01
4.929213336799796252e+01
7.795467799590187497e+01
9.767854326299698187e+01
7.346276575344950288e+01
7.030540526599338591e+01
6.820378697170428950e+01
5.315453298760519374e+01
3.015358339284932754e+01
3.019634672125982888e+01
1.327792997082622151e+01
1.939313817607035162e+01
1.253664359221443192e+01
-2.970754569014388835e-01
1.288633398612648762e+01
2.708419266251632962e+01
2.429369245014652279e+01
2.151175438496875358e+01
1.735056566009689050e+00
1.196006197475253430e+01
1.718321624211398557e+01
-1.599154601608233861e+00
2.609103641720366795e+00
2.382012072470433850e+01
7.704600030891208462e+01
1.402986078547039597e+02
1.995890383624370088e+02
1.969269838463894757e+02
1.593201404304554671e+02
1.397742349686905072e+02
1.352934011137449488e+02
1.188803747759194493e+02
8.653653893150362819e+01
9.726208775303848597e+01
7.005635004767577811e+01
5.591768200168939984e+01
7.484373923785301486e+01
1.068316182021196710e+02
7.887766690304999884e+01
1.049771650330220609e+02
1.001246035077450642e+02
7.931342347127770154e+01
8.053606482164332192e+01
7.278417432263006503e+01
5.604859337737752867e+01
6.031943554728229628e+01
6.458625390780707676e+01
5.983799834005912999e+01
5.406297286260621604e+01
6.224888311403265106e+01
5.938289410319384842e+01
5.345154835011385330e+01
2.544079454587517830e+01
2.733604686607668555e+01
4.412246507837119225e+01
3.578493558994273371e+01
1.530790358332421874e+01
2.367545639169247806e+01
1.787152826918861592e+01
-4.120183284610448027e+00
1.668384051458917838e+01
5.730827908209482757e+01
1.227776449948083837e+02
1.941158777468410790e+02
2.213456890558537680e+02
2.174878494807294373e+02
1.865609161234604016e+02
1.525812712075436366e+02
1.115634313473153725e+02
1.075203873443995235e+02
8.246401436610608471e+01
1.034051123758721360e+02
7.235365669699058344e+01
7.431858860163026748e+01
6.730812582539294908e+01
8.932974291799450839e+01
8.639024134789247000e+01
9.849552928611490188e+01
1.026506510012765148e+02
1.048596658066987857e+02
1.051256065091929486e+02
1.034504573189119583e+02
7.783515118994375825e+01
5.627958657180272439e+01
6.778288356249140634e+01
4.434359946414679143e+01
3.495961375006970684e+01
3.562836245756670905e+01
3.234693202780658794e+01
4.211205261833356417e+01
3.092013091737123887e+01
3.176715249261735607e+01
2.864879371046004053e+01
1.356041326576234951e+01
9.497083365449952908e+00
5.453740612315755243e+00
-1.574773361681081951e+00
1.940632853801207602e+01
1.940756539183144014e+01
5.743926221692777290e+01
1.245115499547978288e+02
1.786339851543160648e+02
2.178148792488573235e+02
1.930607573319432504e+02
1.613759663483036775e+02
1.607629226350945828e+02
1.202224287698081753e+02
9.375367970071033596e+01
8.935466815177926492e+01
5.902244931019583873e+01
8.075318481645945212e+01
6.754244608657666049e+01
1.063849970047054967e+02
8.827492603054361098e+01
9.520525777381772059e+01
1.291681340949943433e+02
9.415474480196223794e+01
5.815498802126887767e+01
5.415782033201332979e+01
8.915161676341404018e+01
7.612421076648604412e+01
4.906254427607677826e+01
5.995279798492583723e+01
5.478066196032989410e+01
2.153122674160567840e+01
-1.810964938549659564e+00
3.873841434029327502e+01
4.418178353830057858e+01
6.552117423149479691e+01
3.758176178062740291e+00
4.189372392444886373e+01
4.992871443533613274e+01
3.086362573816791155e+01
-3.015634267567293136e-01
-1.567182955395765021e+00
3.806944987492613564e+01
6.862667394460879677e+01
1.491224474395532980e+02
1.985740422789210697e+02
2.069972391573985533e+02
1.824058330292492656e+02
1.728115488763448866e+02
1.422242876222263703e+02
1.206522220749452572e+02
9.210210279967759561e+01
7.757947383937766972e+01
7.508895821597207032e+01
7.763440315664877289e+01
9.321890499901337535e+01
7.684478373663989714e+01
6.951342717405191252e+01
8.622545466793553715e+01
8.198079044070459531e+01
8.777849646022639263e+01
1.006168148864634304e+02
7.349311009441328224e+01
4.740374029092481578e+01
5.234432875174570654e+01
6.431002471522026553e+01
4.229545397640549709e+01
2.529459923011108913e+01
4.030102021660718492e+01
2.730802373017093032e+01
1.830851355487754972e+01
1.929512039456449202e+01
2.226029186793334702e+01
2.119628264248137839e+01
1.909512478278747949e+01
1.294863839060337796e+01
-2.251547383566844474e+00
1.486067124396754480e+00
1.517547453697648052e+01
3.883065261598312645e+01
1.044654273684822101e+02
1.670932364950130022e+02
2.097264730418407908e+02
1.943758591228661317e+02
1.640500195872589302e+02
1.587556355255981089e+02
1.104977475282662454e+02
8.827980862929030081e+01
8.010416688522138884e+01
7.297228755452442783e+01
7.488483485399524398e+01
8.584174327755408740e+01
7.984219847077292798e+01
8.088452766179068476e+01
8.996625965676150827e+01
1.020841144165626702e+02
9.023391223947464823e+01
1.024104525826337522e+02
7.460763256405402899e+01
5.981832519722274810e+01
6.003465741930142485e+01
4.924815798419899693e+01
4.444975529924988678e+01
5.562988529020844908e+01
6.177853938527573519e+01
4.088515271379969818e+01
4.493854261973478970e+01
5.092711759550843453e+01
4.883883674812204845e+01
3.566114991340054985e+01
1.338101853880175440e+01
-3.014952539715750390e+00
5.459707703620779284e+00
5.821589670456432941e+00
7.087229165359190119e+00
2.827310377699996025e+01
7.739562022175755374e+01
1.314709024849730667e+02
1.775143005957854712e+02
1.845398498743086293e+02
2.045598104976503464e+02
1.625845972444196832e+02
1.296225792951205449e+02
1.076804999842839834e+02
8.776380642064816584e+01
5.587686890795089312e+01
6.502318011186571312e+01
6.120567392937721252e+01
4.342663402566859077e+01
5.268773200918349175e+01
8.499020522202545180e+01
8.133476412897744012e+01
7.772126929277044383e+01
8.314876792849315734e+01
5.961553003854146482e+01
5.011899413763183020e+01
5.265600258518009014e+01
4.622289655066037994e+01
2.981549064352145706e+01
1.942913724424624888e+01
2.505889057841136491e+01
3.069961058022113320e+01
2.634590659497393972e+01
2.799208097186181021e+01
3.063217260101112061e+01
-7.400595482627068122e-01
1.868837171630048033e+00
2.459708603166404828e+00
2.403338190045155898e+01
1.259065962050408416e+01
9.132103986523475214e+00
-1.341848684886940646e+00
5.616914660183624619e+01
1.086788399106179668e+02
1.602004196139172336e+02
2.007459872957934977e+02
1.973260425361103216e+02
1.649490774548578429e+02
1.416216109116005555e+02
1.003485122751278595e+02
7.913323469812030453e+01
5.297822784813479302e+01
5.188515006038119282e+01
6.385512988779078114e+01
5.288877703179412038e+01
4.798606264252248366e+01
1.011464289823366016e+02
1.053688384529704081e+02
8.265124199186789156e+01
8.099053684808836806e+01
6.338279375827119111e+01
6.582327355368715871e+01
5.430660323766983311e+01
2.282675158081644895e+01
3.237714428769197639e+01
3.595097879534569074e+01
4.754112876938370391e+01
3.314010836562374607e+01
2.573995632859555371e+01
2.333238000174526405e+01
2.990882932895499380e+01
1.346052093030721153e+01
2.997837233759059927e+01
3.645316647738434312e+01
1.187538649254338452e+01
3.235150994257651291e+00
-2.477540160147782444e+00
3.672728053514185831e+01
8.486433121214156472e+01
1.399479627300604534e+02
1.879916773047954166e+02
1.690075776726152981e+02
1.710058866530162049e+02
1.629951369897173663e+02
1.279821513675724418e+02
9.997212252006556810e+01
9.196896335916790122e+01
7.197558707562484415e+01
6.499398717054793906e+01
7.702543738917711380e+01
7.407056153688108679e+01
7.512921316465417476e+01
8.220050511787519554e+01
6.928279894979095843e+01
7.937363420859742291e+01
9.246985761450082464e+01
8.156752215136521045e+01
6.866175610447828603e+01
6.474687208390582782e+01
6.981649608215252556e+01
6.386360662300194235e+01
4.088048406527673251e+01
2.585877013173285377e+01
5.778969774028587381e+01
4.966424122114926831e+01
1.547279700755939302e+01
2.020526489034000406e+01
3.851389932344545741e+00
-2.599284856222084272e+00
3.184274502094569925e+01
3.219295091586729995e+01
1.546648575311178320e+01
7.678180527739186800e+00
3.384271156995168894e+01
9.297467842814603500e+01
1.420883422236031493e+02
1.891970343308198608e+02
1.843126652408694781e+02
1.634452534744825698e+02
1.396029744257366474e+02
1.047923690361745912e+02
8.101858221759528078e+01
7.928571095810639235e+01
8.259704205999332771e+01
7.895506946843192964e+01
6.536146115817734881e+01
6.181709555328961869e+01
7.932219746321709408e+01
8.287637352645253941e+01
7.347843715951353261e+01
5.412637301518236654e+01
8.381743096186949060e+01
6.554831960425519810e+01
6.431490937270973518e+01
7.111241521440729230e+01
2.693540892742805681e+01
1.077775118570002633e+01
4.063303330906171595e+01
3.149473883984001077e+01
7.355944990028206121e+00
1.920941402423113686e+01
1.704783464760384959e+01
1.486370347116098856e+01
-1.350653372429633237e+00
-6.030583875348156653e-01
4.112158948668479752e+00
3.806693712295441401e+00
1.749219985787158294e+01
1.051802932729855229e+02
1.598824149232264062e+02
1.596089539712510259e+02
1.643687007555668060e+02
1.591688495251421500e+02
1.380149508419372069e+02
1.009109635794161477e+02
8.385946646153456641e+01
7.686202910261238230e+01
7.391938252230409034e+01
7.103148911997300274e+01
5.219757210115722046e+01
6.041614435650308224e+01
6.568519680093572788e+01
8.500211618793628077e+01
7.636363241901790389e+01
9.776562537453173718e+01
9.220321129850435682e+01
5.467052877870821703e+01
4.316079437080247772e+01
2.966667792515818292e+01
2.418041768420266635e+01
2.869395522358331618e+01
3.919899031477075368e+01
2.068693578968293423e+01
1.714881249033430777e+01
2.657543438938114377e+01
1.995744397135422332e+01
2.928521796644020014e+01
6.548933530385738777e+00
-2.261525033241923666e+00
-1.563389102109340456e-01
2.787690334879255261e+01
7.085217501879583324e+01
1.157831706057922929e+02
1.426828760940254597e+02
1.815631196360327522e+02
1.894343025555897384e+02
1.543050105452755361e+02
1.281819349546439071e+02
1.060702240831431027e+02
7.797374441087117702e+01
8.289530171568560490e+01
6.983692203799955678e+01
6.779980246520938181e+01
4.778444171549040220e+01
6.479066050899314178e+01
8.081780172145010965e+01
6.086456032198918820e+01
8.192882310172058169e+01
7.700786820615121542e+01
4.509815449255654585e+01
4.619537073953006256e+01
3.429475474411970026e+01
5.339108234966590771e+01
3.947878645196101388e+01
4.555176603597419671e+01
6.160352529880981365e+01
4.662711291991161033e+01
2.961496154347014453e+01
6.559037542546889199e+00
2.045101114058752501e+01
2.228248697066260320e+01
5.044865155730349215e+00
-2.270677006120308761e+00
1.432698733454753892e+01
-1.483309095381173393e-01
4.431703590447762053e+01
9.073823724523572309e+01
1.441299794110184394e+02
1.875060613177354298e+02
1.818788405815023452e+02
1.662587997578214072e+02
1.276546026137889385e+02
9.907325032850371826e+01
9.152046753503827858e+01
7.700098813396152764e+01
7.351863082116733494e+01
5.607644428266758041e+01
3.167674201816612367e+01
6.632127676292316210e+01
5.801148448477863440e+01
6.474813793880491630e+01
6.253142976522929075e+01
7.336090512289911203e+01
6.123548385636445346e+01
7.315335220112410752e+01
6.311208403783803078e+01
4.610852171364342666e+01
2.713887645483737288e+01
2.519889840250016277e+01
1.128406630894710361e+01
1.738960693750914288e+01
1.751063421085393657e+01
2.642088155579813247e+00
2.077873369194264797e+01
9.915309319317657355e+00
1.904634574974295447e+01
3.166274542163250771e+00
-1.730663207934071579e+00
3.497419321929555736e-01
1.341898872073352322e+01
7.748857241845735189e+01
1.465698540962468996e+02
1.876734199392604978e+02
1.868083904341153811e+02
1.819820093332293709e+02
1.551996523051154782e+02
1.254648751981935675e+02
1.157796818643603274e+02
7.814482150676008132e+01
6.555988553171835065e+01
5.402368389734510856e+01
6.653437096289474084e+01
7.308956085078216347e+01
5.368620233971307698e+01
6.132051331278444195e+01
8.898817479106969586e+01
5.868425459050877180e+01
4.240293064529350886e+01
7.913779404706974674e+01
6.388201185817661099e+01
2.962795976301254086e+01
3.836737462585654157e+01
4.409169703138957175e+01
2.079198389054556628e+01
1.945885119728814061e+01
2.708270702574191091e+01
9.653764861519675833e+00
-1.838032636836146594e+00
1.859716065156828790e+01
2.096755279366902869e+01
6.281165884795655074e+00
-4.541876552505073050e-01
1.476924178167359969e+01
6.896374113838749054e+01
1.231414496652923845e+02
1.983138169753785860e+02
2.094910612671392300e+02
1.966814176008977029e+02
1.698910261263653183e+02
1.471240601790769915e+02
1.203829941843066536e+02
1.036688313267262629e+02
8.098137096106495392e+01
7.131937575373876825e+01
7.068079855745372697e+01
5.006287903115810423e+01
5.646215002581413955e+01
7.787464376359366725e+01
9.329582784516821903e+01
9.772039112477159506e+01
8.714208949835892781e+01
9.055370165797410209e+01
6.994713487476576574e+01
7.831339088286642891e+01
4.964277194505871194e+01
5.392479719021662277e+01
3.014848931949450161e+01
4.930233178607477385e+01
5.737450655824659407e+01
5.535270258098137219e+01
4.222403505418469649e+01
3.597506565073649654e+01
2.859193380316582989e+01
-9.395808066552717719e-01
-2.633984416192902245e+00
5.650360314934573580e+01
1.004943755690712806e+02
1.643589614860628672e+02
2.031169845996435015e+02
1.647864250195214026e+02
1.673832316855589397e+02
1.489217056733682512e+02
1.144144742262446925e+02
9.387267537042680488e+01
5.830630298741061779e+01
4.172441223193823134e+01
5.913547519572216515e+01
2.254754672635249335e+01
3.296809031666737155e+01
5.140434398403738214e+01
6.386321606492947467e+01
6.735110085237090516e+01
6.587375400722703489e+01
7.243625767935509430e+01
4.404303528107243437e+01
5.069778586211873517e+01
1.840376804188144888e+01
3.816373346188879623e+01
4.298024972598852855e+01
2.085550280069355722e+01
1.779124885001988332e+01
2.678903548295534165e+01
4.785023239599945555e+01
1.697594139529655877e+01
6.166785784666672043e+00
-5.767808914843044477e-01
1.745633243391694123e+00
1.514018210694848676e+01
4.961300216050710787e+01
1.031700784635675063e+02
1.618168999456074744e+02
1.845579238353199116e+02
1.633959891923985879e+02
1.523320894972987389e+02
1.293655842705830992e+02
1.084943097119191862e+02
8.371480836513137547e+01
5.902253783094738537e+01
3.941211856201016417e+01
2.187758078558488251e+01
3.341256060775072001e+01
6.401047535877864902e+01
6.366440824333358250e+01
7.436680236132679056e+01
6.610946416858723751e+01
6.388345645291997243e+01
5.067918090748821669e+01
5.548640039089013953e+01
6.429437096991489398e+01
4.209179384734716223e+01
3.586672728226187701e+01
4.160680861579533030e+01
3.429931652181085155e+01
4.193111360608509131e+01
2.948871948122928188e+01
2.495823444871803076e+01
1.732546392283109071e+01
1.957596373550404678e+01
-3.304883535966837371e+00
2.668108926077820797e+00
3.051314372582123724e+01
6.624839678635737528e+01
1.098917388993427267e+02
1.614603783724660389e+02
2.039704245960267599e+02
2.114363723565400051e+02
1.708706767362743904e+02
1.332836784537752237e+02
1.116840095208201546e+02
1.100789691124023193e+02
8.547473956341934809e+01
6.987640241907774907e+01
6.628818447718811058e+01
6.971361377153652938e+01
8.115555545406436977e+01
8.061617754057488128e+01
8.009683649131693528e+01
9.159808260476370378e+01
8.311966521102317529e+01
7.266041765937700347e+01
5.321834210245469876e+01
5.879071408870879623e+01
2.437427698317037539e+01
4.596518624372981776e+01
3.955935358550732417e+01
3.415223107176097983e+01
1.173887517221237431e+01
6.314000834272746943e+00
1.487220561660137719e+01
8.408023937849520735e+00
9.158414946123230038e-01
-1.610040096754573824e+00
3.082467162168939012e+01
1.023035340845171959e+01
-3.829262246765665623e-01
8.399479893056138735e+01
1.473773205154066090e+02
1.717775902231107921e+02
2.192070859737204955e+02
1.996755679113803126e+02
1.581906041093748172e+02
1.247577658853090270e+02
1.013810426507466218e+02
1.030631762395928490e+02
8.380589467532672643e+01
7.560989534966438441e+01
6.947503759537539736e+01
5.740042464627583740e+01
6.038446498580560728e+01
7.642499309315758182e+01
6.051923960287490445e+01
7.066367089956929703e+01
8.685414817545643018e+01
6.108582598604198211e+01
4.335299034535000828e+01
3.064931640914528543e+01
3.496804580328864631e+01
3.430211366047672072e+01
4.164410543294820854e+01
3.698626355180488190e+01
3.532041400709408663e+01
1.563801292622792971e+01
1.093016323247809396e+01
2.218781146898709267e+01
2.140179487726493335e+01
1.856272882070663854e+01
2.566101464475843841e+01
-2.313131932421356396e+00
-3.697518028211561614e-01
2.550422232957578217e+01
1.013255515812966223e+02
1.291107420266448571e+02
1.468752864844077521e+02
2.076333866659514342e+02
2.313977755297771637e+02
2.121791097005196889e+02
1.409857318250583376e+02
1.268238627591763361e+02
1.166983135013392712e+02
1.086126268113849846e+02
8.756917846601629662e+01
7.456925811566782158e+01
5.961327971898845135e+01
7.470091154204646955e+01
8.383122571811259149e+01
8.800254737134116567e+01
1.062123633136294529e+02
1.034572803314006251e+02
9.173284308744496229e+01
9.003356167174842994e+01
7.935302884586644723e+01
6.468393703573747189e+01
5.801818513701164193e+01
5.534702520596817976e+01
4.566112911703521604e+01
4.095061527438826943e+01
5.120514547091238455e+01
4.241397199333960089e+01
2.156583507694710988e+01
3.664905081729227732e+01
4.065171965158151579e+01
3.356157552651291098e+01
2.836594587158788272e+01
6.051822500552589190e+00
-3.394086432305357448e+00
1.401486670907638654e+01
2.629923648421913640e+01
8.147943730397696527e+01
1.685756205868385678e+02
2.036071229569192838e+02
2.295915952821289920e+02
2.195446523591475625e+02
1.904796130687028608e+02
1.534076008449985693e+02
1.343378343261076679e+02
1.062779980740947394e+02
9.523443327268057601e+01
8.221241832560554030e+01
7.921627929227736331e+01
7.324952010792026158e+01
5.331485254496510606e+01
5.641425588064134899e+01
7.554917624365339179e+01
1.057204956201469486e+02
1.019283405045048312e+02
7.117178018615391011e+01
3.444886467111541606e+01
2.575693224760914291e+01
3.709297671520755557e+01
3.745373430416088922e+01
3.783557031495206502e+01
2.623447551072035822e+01
1.964606229890193845e+01
2.006568074217716457e+01
1.048848444260374890e+01
2.690942634543171152e+01
3.132335451106655455e+01
2.972484790564976720e+01
1.810817226177778139e+01
-5.327039364321990433e-01
1.379600671341449925e+01
7.093413326036966282e+00
-1.641512943912744049e+00
8.590128124083889816e+00
6.280363546485477855e+01
1.200142221119465376e+02
1.832364730625502034e+02
2.074837731716356757e+02
2.217676749294415686e+02
2.370976559884754806e+02
1.674809763244950318e+02
1.059225249366979824e+02
8.742551601451827992e+01
7.399210452213981171e+01
7.362357116858618156e+01
6.632045674183507344e+01
7.008256579415240139e+01
6.990903967323652068e+01
7.279831890112802739e+01
9.274814490947028389e+01
1.257555311467176580e+02
8.481656357987549200e+01
6.392607062063757439e+01
5.907803251506152264e+01
5.026579024849888810e+01
3.248209402597626649e+01
2.771919139461715531e+01
3.396900508060457469e+01
2.422318061820783441e+01
2.747302385164482530e+01
2.870959839332772390e+01
4.392369312542973603e+01
4.110580983414081402e+01
3.024601106871955380e+01
2.333394832032593058e+01
2.135897062000890401e+01
-2.689806340666450524e+00
1.817651954015900628e+01
3.597372152968750925e+01
3.071739112992531773e+01
3.542276010566365585e+01
1.081047530477819691e+02
1.837779403195579562e+02
1.994558112367387821e+02
2.031500173356678260e+02
1.828702155945766208e+02
1.636240314915226008e+02
1.384172618024074382e+02
1.022540670628176258e+02
8.313722363572117047e+01
7.506848534341565937e+01
5.804877463596187681e+01
6.907826327856764692e+01
8.015654254869411943e+01
5.828251294116978443e+01
7.545427338539752782e+01
1.056693399856508222e+02
1.069244743034691965e+02
8.021538120699210594e+01
7.853669631961611231e+01
7.988225311092458014e+01
4.924509968353834211e+01
4.161748531754642499e+01
3.799116684204057037e+01
5.435748491125923465e+01
1.570740026777241383e+01
1.603133007930080112e+01
1.531953443956240335e+01
2.056211312897426069e+01
7.749012732608889564e+00
-1.130025785592124521e+00
2.291466104818516669e+01
2.488402566535273763e+01
3.778791350712140229e+00
-1.400567451192500812e+00
7.346385916269127847e+00
3.303407977856500111e+01
7.267686899730290406e+01
1.232887780932927626e+02
1.988831048186535781e+02
2.294719140377237636e+02
2.020652817837931252e+02
1.926709893710112738e+02
1.562947974607099013e+02
1.159405400043275449e+02
1.116104880053280795e+02
9.530575306177468065e+01
9.102633066685007179e+01
6.877126325620633907e+01
5.853868300218869081e+01
6.932603436450960999e+01
1.011301764160515404e+02
9.194727496935342970e+01
8.677248453518973292e+01
8.960004015158529000e+01
8.342330913171997508e+01
7.623476278837165410e+01
7.402603820122726574e+01
6.178801010234576552e+01
4.051081296340328208e+01
3.218396337597494039e+01
3.079657282350615333e+01
4.233743094980900423e+01
3.079501943296634181e+01
4.815739657675032959e+01
2.541231273473863439e+01
2.554703668654281046e+01
-2.451416911353135220e+00
9.403711127167980521e+00
-8.763303568325682136e-01
2.719613440595026077e+00
4.211451863665615747e+00
3.619067060459542517e+00
1.096229906453879721e+01
6.826095171879410373e+01
1.435347192431258918e+02
1.948026132479167245e+02
2.290822099963569372e+02
2.263891377255033603e+02
2.117367338503127030e+02
1.771360718943640222e+02
1.295961080138980606e+02
1.071240270044365843e+02
7.472571770042100070e+01
7.440599769602272318e+01
8.216893732823632490e+01
8.801786287407912823e+01
6.895527892119480384e+01
6.798280987859857305e+01
7.810139060251583487e+01
9.231127612107343339e+01
9.761194044849207785e+01
8.400193448623122094e+01
8.147883301634567488e+01
6.303937080154548767e+01
9.767946781621049013e+01
7.739441364101207910e+01
5.117852106194334283e+01
3.002532892086128413e+01
4.692786427441228625e+01
2.187885392595376288e+01
8.705554001999189495e-01
3.289500743332564525e+01
2.994424005595215021e+01
1.600995434862591082e+01
-9.164480505072560845e-01
1.156274397154334110e+00
2.922851854623661438e+01
9.300669688622292597e+00
