6.967598912323069271e+00
2.451350272719119516e+01
1.205933686607016853e+01
-3.952134820563628637e-01
2.414941627842659955e+01
-3.032610741803125620e-01
-7.499742557392039544e-01
6.815577596018925988e+00
5.140718758617782669e+01
1.260385806640454689e+02
1.887229677070539822e+02
2.364722992068289500e+02
2.352966384253187471e+02
1.772036839014796499e+02
1.701987812078835418e+02
1.252855038802633771e+02
1.174657234665401120e+02
1.067400586595959453e+02
8.110795349507841934e+01
7.056778460804849828e+01
6.311711755403223378e+01
6.575281221070957827e+01
8.647109728458508471e+01
9.726754395404122988e+01
9.813685868648769883e+01
1.050727752738947345e+02
1.080680461396457304e+02
1.141143729793714385e+02
8.320237680824124027e+01
6.232153749769480555e+01
6.546050289540366407e+01
3.660729763366433076e+01
6.749291739744478491e+00
5.087348916793536091e+01
4.696682637961083628e+01
3.501573110125309540e+01
2.400616139108052494e+01
3.192372515000059252e+01
3.375379021730680051e+01
2.048140519504116241e+01
2.109128114734352266e+01
2.356792432430194140e+01
-1.043699368069610500e-01
-3.941541977949611919e+00
1.204151051457611743e+01
5.286926585883188068e+01
1.055660819577744576e+02
1.711557880217018806e+02
1.976611576000927357e+02
2.361032526845452253e+02
2.055011586550816958e+02
1.738715998591978291e+02
1.422292456328025878e+02
1.345870265958064067e+02
1.229564510756633808e+02
9.334768152956189624e+01
1.037696508501796870e+02
1.052303584533791536e+02
7.973676605851431987e+01
6.529478308135458064e+01
8.190952157000873513e+01
9.958544062475476721e+01
1.053261802506549998e+02
1.041343845983655001e+02
9.701164455673986708e+01
8.195850967078564508e+01
6.997455936906473539e+01
7.005855349504221863e+01
3.420855214658948285e+01
2.142191483604293012e+01
2.669565899021759492e+01
2.502658781678019295e+01
3.641123756680769930e+01
2.684589422549910864e+01
1.332647966567799358e+01
7.848647301225810224e+00
6.407917281227241801e+00
4.999731268294056008e+00
2.619466845865304094e+00
-1.737548399932535403e+00
1.923986922358579932e+00
9.616732312711974373e+00
1.835332803123162648e+01
9.314631817069854947e+01
1.610080632906135349e+02
2.009499924872957024e+02
2.149819247764312138e+02
2.311116696737814209e+02
2.283448868758598564e+02
2.026849249624835352e+02
1.541328490646007765e+02
1.316876974639104105e+02
1.083469671136207921e+02
1.091068380899656631e+02
9.696240699950755015e+01
8.690767938042810670e+01
9.093569114683890575e+01
1.110386091360578860e+02
1.082076908284915078e+02
1.114330833184549761e+02
1.437038516233551491e+02
1.360079464297656955e+02
1.213318813857440830e+02
1.086608100598835733e+02
9.797867270196337586e+01
9.626832295366233438e+01
8.751163466993224915e+01
1.026895190224955172e+02
6.378201206672784451e+01
6.476812296281494241e+01
7.362622305082174989e+01
6.733403598958358316e+01
7.386854917570531143e+01
9.220607666543213554e+01
7.132219382951757325e+01
3.519155397794861528e+01
1.778809719877398265e+01
-5.914588335497342086e+00
6.056907666671520474e+00
6.073508223428893871e+01
1.211523718272865722e+02
1.823406055547736742e+02
2.203304010021412864e+02
2.621505523487250002e+02
2.748276504698503118e+02
2.503856647353194376e+02
2.088458162384299044e+02
1.752268222158319020e+02
1.385453114460133861e+02
1.198161604392404058e+02
1.150528602526647433e+02
8.726770378183391585e+01
1.004718333936930321e+02
1.056755187781494101e+02
1.008880249067766215e+02
8.711755999596050515e+01
1.093713233818378683e+02
1.156556432249454929e+02
1.289757539725863467e+02
1.203357335156312047e+02
9.973836998741120397e+01
5.818524816392232424e+01
6.567695543746080489e+01
5.921349734784132579e+01
4.279422266532426988e+01
3.941788802519664614e+01
5.608282212051886972e+01
4.778695946547111362e+01
4.152767374601225470e+01
1.730186077850660809e+01
2.910600110258113205e+01
1.493640223925504529e+01
-1.210919350463569799e+00
2.659903430411219460e+00
3.556834763176283332e+00
-5.121877699059211864e-01
2.146073784507956361e+01
6.948863037786901486e+01
1.235842939908204130e+02
1.797598379599880616e+02
2.190261357184862732e+02
1.973922631010500197e+02
1.708651056810569173e+02
1.644495751092536011e+02
1.161488743853300321e+02
9.596456201322527590e+01
9.089703500813456571e+01
7.594573073963303500e+01
7.410917760694576373e+01
6.938514455199040754e+01
8.377065942490867201e+01
8.426205622439675835e+01
8.785483124255671328e+01
9.354363815092852974e+01
8.432225207273964429e+01
7.018351269483605392e+01
4.711941648154299855e+01
5.112125806205881418e+01
4.217986087141684948e+01
8.528553713206994757e+01
4.942817726786225307e+01
2.559681884726651901e+01
1.778000515698312256e+01
1.096602351552400023e+01
1.714298344134971330e+01
2.229888479268538504e+01
3.421555997921814196e+00
1.149860249660179079e+01
2.451759551270833981e+01
1.246599128419944691e+01
7.331000873078068025e+00
-2.900289318565654639e+00
-2.408661986502806940e-01
1.432525721519806439e+01
6.481647415867772111e+01
1.402510346149149711e+02
1.966465404022945052e+02
2.450191908288548461e+02
2.383832187372305782e+02
1.977504067781480330e+02
1.561301537701464213e+02
1.425298810276973711e+02
1.179554485637348762e+02
9.341129109238281103e+01
9.490066377327951841e+01
9.042588765315247201e+01
6.998833477209140597e+01
8.458847291130953749e+01
8.722606996867233420e+01
8.590004795731630338e+01
1.166084566296783578e+02
1.283484867377158594e+02
1.001161629488198628e+02
1.079062264455141644e+02
8.271241724869307177e+01
6.452739631698648282e+01
5.634299748485187820e+01
6.715040931278375069e+01
6.694025693130186028e+01
4.470249396683294663e+01
5.342640464323443439e+01
3.810082615942422990e+01
3.371406145027384582e+01
3.025403244239333844e+01
3.070832392177834436e+01
3.706421813410008781e+01
3.630869024179068560e+01
1.342834476510103059e+01
-3.590576862620309839e+00
7.238032508527709297e+00
2.393614989130378490e+01
8.352567991814166248e+01
1.540282878599761887e+02
2.154648037309430606e+02
2.468545172622993960e+02
2.392145635372650077e+02
2.035596090938870475e+02
1.679019283245775398e+02
1.282517600256575747e+02
1.116176639741652252e+02
1.060069174295383618e+02
1.104256814745750148e+02
7.487905712289918370e+01
5.237104113132005523e+01
7.090488146607572162e+01
9.648330238299297434e+01
9.110831908908392052e+01
1.167809819583368949e+02
9.350143028154948865e+01
7.826863553969965892e+01
9.008063419946256545e+01
6.493468004115794656e+01
6.882712603876365165e+01
4.975367581945698703e+01
4.470934473915511376e+01
5.068865061701694685e+01
4.868566417875416619e+01
5.369394926357244913e+01
4.670658285403558807e+01
3.871610499321485577e+01
1.471458865835307961e+01
4.669371966564310128e+01
2.864503668539137493e+01
-2.440388549292094922e+00
3.428229244335966541e+00
1.326605483062627400e+01
2.408821869163710971e+01
1.119097186488783962e+02
1.767453116416733110e+02
2.036086355121584006e+02
2.115115606493539815e+02
2.094639213559251516e+02
1.554734368189306792e+02
1.395457315862157941e+02
1.326848754712576408e+02
9.589354283021737047e+01
6.817308117050149008e+01
8.252387906408830531e+01
6.694564335214454331e+01
6.943725563704646220e+01
1.159969280647368350e+02
1.006221784086021955e+02
1.133093644727485412e+02
1.060538378394977599e+02
1.078498169975270571e+02
1.066904598971353835e+02
6.256784599045164441e+01
6.047298782500570269e+01
7.139627226986783626e+01
4.732748146423000435e+01
6.725568358456160922e+01
6.316947353251737240e+01
3.105677365291637670e+01
2.790487459584241492e+01
6.970075644364285949e+01
1.743112022991925869e+01
1.308196998070880568e+01
3.963913541084653502e+01
1.108831541546751964e+01
-3.585187501647112640e+00
8.603818280129559071e+00
2.767634040456590583e+01
1.026533004772475977e+02
1.675553433403564725e+02
2.194020873030695498e+02
2.562114751211305474e+02
2.199992555294102772e+02
1.877786151480287344e+02
1.455605406045504537e+02
1.233541407403884591e+02
1.281670687915497240e+02
9.300574445263387702e+01
9.387530574755277257e+01
6.677996064277394339e+01
5.972297835170743951e+01
7.570696028815694945e+01
9.173391063614275254e+01
8.880507651008232983e+01
9.892078768528691057e+01
9.908048588630251174e+01
8.528262362979842237e+01
7.052466262758500193e+01
6.780321176523642634e+01
6.611417468170071743e+01
6.545277698380826337e+01
5.781358313664273396e+01
3.119050307751811602e+01
2.257686860791730510e+01
2.196569962429231282e+01
2.234979025440918576e+01
2.672171496903780508e+01
2.507382474104554149e+01
1.539820332615011012e+01
1.868668374182186653e+01
1.793094502349799768e+01
7.122479339778351459e+00
-2.747400450187399201e+00
6.312547287956817854e+00
6.532101071906453171e+01
1.522966148825163373e+02
1.962573316075857974e+02
2.552196097573977340e+02
2.551979356217609620e+02
2.112042432943866288e+02
1.722479148896297829e+02
1.403362204794126455e+02
1.354747076565084853e+02
1.196675206514860292e+02
9.991744894783744257e+01
7.822608535384858897e+01
6.459402350331583875e+01
7.702107476918217799e+01
9.950640458415551848e+01
1.190484081701961259e+02
1.356444856852186831e+02
1.302908468030561835e+02
1.189823447526848099e+02
1.067125298546126828e+02
1.214737626059003333e+02
8.725733637830990119e+01
6.405332980597768255e+01
5.585094894967636492e+01
4.863875933688052555e+01
3.340476798557511984e+01
4.013649552615203220e+01
3.082112854132350321e+01
3.944545224884649315e+01
4.699594365519260464e+01
4.145868531231099041e+01
4.081928981271437351e+01
1.106295516206216689e+01
9.174471173115989586e+00
-3.861482970914153157e+00
3.093968016847031777e+01
9.260112424464728065e+01
1.461457035141929737e+02
2.085953462224410941e+02
2.449705191576900916e+02
2.202896031547763300e+02
1.865685293433447214e+02
1.798210259570086578e+02
1.470589555440881782e+02
1.322923824426438273e+02
1.035299004011806687e+02
9.377878024437961813e+01
7.304525749791775979e+01
6.933462989966977830e+01
7.165146473493558688e+01
9.199963594271605416e+01
8.638230094736479714e+01
9.380169717687601860e+01
1.162591982362345107e+02
1.107552397134530793e+02
8.228909460456236502e+01
7.685892835319589267e+01
4.346208351204114706e+01
3.009513404450211738e+01
3.175421929314791214e+01
3.743517764920721902e+01
3.813352996171579434e+01
2.084442272793279471e+01
1.956262110981785440e+01
3.128268182510345241e+01
2.999896596531078785e+01
2.170552179514305635e+01
1.639609758964382991e+01
5.064224568638792334e+00
-2.967300090222124709e-01
2.306550473265076562e+00
-2.129653035105008030e+00
4.939091734975724535e+01
1.148857947455621797e+02
1.893720183608467664e+02
2.328654785462006771e+02
2.373801719320299810e+02
2.249277664939554597e+02
1.655175564058786790e+02
1.411565865640362745e+02
1.268502466891007998e+02
1.176025149358792419e+02
9.641610095671157410e+01
6.029253837878843569e+01
5.823239666829093153e+01
8.323564236601640687e+01
7.430165968879566663e+01
8.642900049703581544e+01
1.086154736345471861e+02
1.188580236551352414e+02
7.215250895786908814e+01
8.649359936158134587e+01
7.387524316001525904e+01
6.729052371092026874e+01
6.373178561961415767e+01
3.919070058617776908e+01
4.265830299283598492e+01
5.412523531480789529e+01
6.458171344428293992e+01
3.901741202109730011e+01
1.842135986795278768e+01
3.678219563343125742e+01
2.208837375251619051e+01
-2.672019161765120998e+00
1.748888261987715964e+01
6.585638298158869475e+00
7.632632184969509126e+00
5.964418273581566154e+01
9.463453207988214899e+01
1.646173259045264388e+02
2.136052635517853560e+02
2.186093981904368491e+02
2.116386469366233314e+02
1.776997408125053823e+02
1.487972944537741569e+02
1.069341454987126099e+02
8.411164361265912248e+01
6.833006911949701134e+01
4.758886122667348673e+01
4.788677584094480721e+01
6.122209298045504511e+01
7.859261379558972749e+01
8.299552721580477055e+01
1.004272362444179976e+02
9.088331392947515042e+01
1.183583290466595486e+02
9.084594153851526244e+01
7.133862776429577934e+01
7.082795562383927290e+01
6.330477963070620717e+01
2.875924601890085341e+01
3.118086797463115545e+01
3.255887109164495996e+01
1.488216915501061521e+01
1.213935036108557597e+01
1.531885408453615582e+01
2.840899830652506353e+01
1.539794781967395920e+01
1.527358332662163320e+01
-9.763684494713515960e-01
-2.364333521277558248e+00
5.107016019340392177e+00
1.845862777239761954e+01
7.071139826774890480e+01
1.658860394489713599e+02
2.020025561456595824e+02
2.340792943270139403e+02
2.151325799366734373e+02
2.161763981253338613e+02
1.542225827178919246e+02
1.092808057752633601e+02
8.535919713253667851e+01
1.034647938167426275e+02
7.860377926294083295e+01
5.478130225825273669e+01
5.000172555200742863e+01
5.126886408051160515e+01
8.458603276281644412e+01
9.195603382933245484e+01
8.438082365014258812e+01
9.286143903499140606e+01
7.539807298538710256e+01
4.898998988844741120e+01
5.363570015056049556e+01
5.133322427821565270e+01
4.908004642090079983e+01
5.087313739586113570e+01
3.670897721987785189e+01
8.583537178358199071e+00
-5.075785330626558789e-01
1.543114844587861967e+01
8.400307184990793985e+00
6.400332442598198668e+00
1.431574973953445351e+00
2.049432153098479148e+01
1.958884454987077106e+01
3.715211523574566854e+00
-1.126705943386184572e+00
1.062926601390870474e+00
2.629519940268255596e+01
1.125811920759996951e+02
1.719317212848592362e+02
2.203564778808574260e+02
2.348634333983776799e+02
1.794583558070245601e+02
1.641446644420689438e+02
1.579239840552235137e+02
1.197962979515565962e+02
1.097600101962960650e+02
8.081232689169038963e+01
6.094935653988613922e+01
5.216639951976125644e+01
5.345814671662836304e+01
7.981876735180463811e+01
9.024189606514033812e+01
8.472036930881222361e+01
1.002461211160366474e+02
1.018102383163369495e+02
9.140280527802548249e+01
7.401288826703131463e+01
8.762863952123097988e+01
7.923747114961827265e+01
6.582591897479181853e+01
5.137972644463872030e+01
4.288397874785647446e+01
3.632324727587814550e+01
4.168167458034929496e+01
3.794303998044273385e+01
3.409070597858556084e+01
1.110765564680514217e+01
1.697653115006914959e+01
1.467986357678910281e+01
1.120001425006500995e+01
-4.480802305638633243e+00
7.619516434000217942e+00
1.052783620833707801e+01
4.327094656156327801e+01
1.038755317595080214e+02
1.643678433585350831e+02
2.497730941596905723e+02
2.651148532855873441e+02
2.634141921278966834e+02
2.176895309297572112e+02
1.979566557923863002e+02
1.522291759216919331e+02
1.355187209570243567e+02
1.298353982459748295e+02
9.518795994892491308e+01
9.958385987227381975e+01
6.602959994282139178e+01
8.953068624876880222e+01
9.209196458231804172e+01
1.007173854288085977e+02
1.294099783539340365e+02
1.241717657495339040e+02
1.160034759076642672e+02
1.069045954027238281e+02
7.187345077435230678e+01
6.890729951623541183e+01
5.000268038755126554e+01
2.915544307448300287e+01
1.036093723640976805e+01
3.061422097828000233e+01
4.891024879566987238e+01
4.024366904194585004e+01
4.960864096798638911e+01
3.399892138797957841e+01
3.040777102970412216e+01
4.682811063172471222e+01
2.125255685489594271e+01
2.567325807896600054e+01
9.082150158114529859e+00
-2.529087786059506016e+00
4.783113254654119828e+01
1.361796650429965894e+02
2.045328852790613041e+02
2.269058070338396078e+02
2.253113987575831629e+02
2.197603598424731217e+02
1.982611365667033851e+02
1.578199776048695071e+02
1.164411490202016353e+02
9.312733867615418148e+01
9.088007002469129247e+01
8.269993524439058774e+01
8.058661771312938527e+01
7.453897380943283224e+01
8.755505404564877381e+01
9.263216354438714006e+01
1.017667318777173477e+02
1.059542622960735230e+02
9.418924038257114262e+01
1.014650921777028998e+02
8.477430182955760074e+01
7.710833883530256117e+01
5.445782494908689841e+01
6.281261084167135778e+01
5.516200260556752255e+01
4.549467820717853783e+01
4.979876399288161792e+01
5.906193136227204832e+01
2.427135372730515428e+01
1.241361388062250626e+01
2.547505190132881125e+01
4.244188373238978329e+01
2.530007056625242967e+01
2.903514917652654503e+01
7.632403336116340142e+00
-3.923173533565545767e+00
5.135333566486008294e+01
1.054860405323731243e+02
1.654985371365966671e+02
2.464133666847483255e+02
2.602514153986746805e+02
2.500311053665555505e+02
2.177682561624169466e+02
1.794761870492312710e+02
1.621660396074094024e+02
1.358471606554919617e+02
1.295272753516235298e+02
1.022127503823425059e+02
7.590865716143372310e+01
7.161904497517855361e+01
8.134720402328662203e+01
9.909570831501798693e+01
1.098663183875924005e+02
1.176598038211465678e+02
1.184758355326333117e+02
8.031290784096734114e+01
1.061683303067080715e+02
9.803860936133651194e+01
6.491918975303070738e+01
8.280453584387527144e+01
4.868846280405745119e+01
3.056395775840593387e+01
4.542352094712146027e+01
5.425934697082732328e+01
3.106317619493756865e+01
4.782620639139651075e+01
4.853932470038660085e+01
4.419294000002662415e+01
1.477697577518841854e+01
2.280913581343895657e+00
-2.305912795792664838e+00
-9.941923796425271576e-01
3.722842187520302559e+01
6.138420899602527925e+01
1.244950757258868634e+02
2.185823149657600197e+02
2.546659746658603467e+02
2.647639169532533856e+02
2.198914572952582489e+02
2.100612635200245109e+02
1.782838045411285748e+02
1.435674486595116264e+02
1.149187813380694934e+02
9.734295236521143124e+01
8.884396234153336991e+01
6.242483843810771305e+01
6.908771938638324173e+01
9.683411966942458093e+01
1.036648628931023381e+02
8.857980432209046739e+01
9.557776257243421014e+01
1.066566704621355939e+02
9.781350503157119647e+01
9.504417675441288793e+01
6.134361796928249078e+01
6.770581057303417083e+01
6.912412302634248817e+01
3.159124673177655040e+01
1.809918185067522245e+01
2.263961263191004036e+01
2.720404233253424309e+01
2.878374781347480393e+01
3.636973389523546984e+01
5.952717560841961131e+00
5.230520959809155102e-01
-9.289687408362397036e-01
-1.413056421619160119e+00
3.070357979343839361e+00
2.553495982141640752e+01
7.099440376038239719e+01
1.464620891024275693e+02
2.269507052097002315e+02
2.434714768234575786e+02
2.250333591779046856e+02
1.796428727924785562e+02
1.773042878530243343e+02
1.540200781166590787e+02
1.147909442976214791e+02
8.461604690936917450e+01
5.549339855591671267e+01
8.442016568080981642e+01
9.139295979360861111e+01
6.040754820221650334e+01
8.645878428493892898e+01
1.205409173445993929e+02
1.286473320961784452e+02
1.027702078454834691e+02
1.029004374250009164e+02
8.502788596513892116e+01
7.614138959193138589e+01
8.422893415255288119e+01
6.327774408028210473e+01
3.027420151905619150e+01
2.920405583537154826e+01
3.405275365370954432e+01
3.380544955799314266e+01
2.044695760460871270e+01
2.196175379544706630e+01
-3.665890337176847424e+00
1.154807712151404075e+01
1.262433033076518996e+01
9.583427969050603679e+00
3.744580247154124208e+01
9.323179043912853103e+01
1.759613540146793866e+02
2.316535230231565947e+02
2.543255676759824837e+02
2.459924416493496437e+02
2.146665553637739663e+02
1.833578593153549718e+02
1.510741573346385849e+02
1.198214196735775658e+02
8.760410584255163258e+01
8.242547713774359863e+01
7.428791881427804356e+01
7.819299187250840077e+01
9.314151443359992300e+01
9.513352268879935991e+01
1.061681214142091108e+02
1.312434640507047447e+02
1.173566423579477487e+02
1.045034356609591555e+02
9.067844971833653744e+01
7.187524525432110067e+01
6.308647620865662020e+01
6.030407776863461322e+01
6.051935425678448155e+01
3.472300695485813549e+01
2.390513195106507283e+01
2.805547810354505600e+01
2.416355521911850701e+01
1.121859254982467746e+01
2.720957771215114462e+01
7.125386136659813019e+00
-3.045378841864533115e+00
1.568581485750189586e+01
3.633792265031297575e+01
9.692974309397419574e+01
1.414797113666644464e+02
2.280052933491319891e+02
2.555225401250115738e+02
2.110452227250043507e+02
1.975845569544100044e+02
1.601496481663012332e+02
1.287476258681811032e+02
1.223840180710711820e+02
1.010630653097343270e+02
7.078778427875255375e+01
5.756018104205469399e+01
7.438155378572673726e+01
7.825262509404433331e+01
7.817337373574531512e+01
9.814299595331652881e+01
1.161599062555077353e+02
1.042215377211093710e+02
8.632416182984923125e+01
8.746300784607797141e+01
7.663244179252819777e+01
7.982595506185413115e+01
4.403627272229203982e+01
1.525532158252781301e+01
3.847458808852002221e+01
6.968540613301172471e+01
3.087872486286505591e+01
3.404479657088074873e+01
2.817356476261090847e+01
-2.745367504357943744e+00
2.427732109191299514e+01
2.225837809473114248e+01
1.221430827419283105e+01
7.516139381661349717e+01
1.361157947652259281e+02
1.920929195493247335e+02
2.271068154402568098e+02
2.481696087801737463e+02
2.252911548430724906e+02
2.054788272068626611e+02
1.577377465379052524e+02
1.350709787142895379e+02
1.254800122366392543e+02
7.796498489579118996e+01
5.952477968245989359e+01
7.015749993751103375e+01
9.586065375401335587e+01
9.763104765003652119e+01
1.144645295371125258e+02
1.213559710162969623e+02
9.529909904335033843e+01
9.528642701432289641e+01
9.730951533427457889e+01
8.535897154399521014e+01
8.742443008912118785e+01
7.249467182557361866e+01
5.755760336497274920e+01
4.760040637222050464e+01
3.260968693618542602e+01
2.657157514167215595e+01
5.471874976616390995e+00
3.729612471320228906e+01
1.202980790486424212e+01
-3.341964856210438484e+00
1.216579672408653323e+01
5.657146916877684362e+01
1.278933073429151364e+02
2.021490003968643236e+02
2.633549585479141228e+02
2.495255705233500976e+02
2.596725915008724996e+02
1.908052814024761688e+02
1.879303034242410604e+02
1.590524127094332130e+02
1.421744850982846629e+02
6.629780590690035069e+01
4.942223870653435824e+01
6.654698409038155660e+01
6.667074842925001121e+01
9.279157262410649309e+01
1.019068308684335875e+02
1.140129694399878417e+02
1.111054155482173087e+02
1.021784562728757919e+02
1.112252676395618209e+02
9.423800388931113048e+01
5.920770701048297724e+01
6.312447661139793809e+01
5.797782022330636664e+01
4.275661413269250488e+01
4.644915484783837201e+01
2.043311310884746490e+00
2.952648797242409273e+01
3.888606884993578205e+01
7.109142696019489449e+00
-3.817590597413300202e+00
2.609249777012189497e+01
7.986417432917767201e+01
1.445219446853288900e+02
2.120895158024072771e+02
2.665891494247977676e+02
2.750409864017273094e+02
2.234625016909286614e+02
1.788684198402709171e+02
1.662712307726063727e+02
1.576816357265890929e+02
1.451086732285655785e+02
1.135598049885254568e+02
8.504104162972618042e+01
7.455725817737550187e+01
7.511247924626502481e+01
7.370998387860464618e+01
1.023522999918117762e+02
9.904121840346510908e+01
8.377750640814326744e+01
1.035609408882408502e+02
8.639046095108858481e+01
6.126397009460845311e+01
6.517850791211299111e+01
4.813050135721368861e+01
1.611572559844307762e+01
2.512947449932005384e+01
3.416688076610773805e+01
2.522282581032436610e+01
-1.708150625319262872e+00
9.368238973629331667e+00
1.346334654636979167e+01
8.588430349712268708e+00
1.875461400700135073e+01
4.597293525727809538e+01
9.925424429344366217e+01
1.866089315790466685e+02
2.340463950351930862e+02
2.575741664936730899e+02
2.141974373223267207e+02
1.949188231473289648e+02
1.657387976204815914e+02
1.356558852053551050e+02
1.186669529775440992e+02
8.776751145379103036e+01
7.495188448130880943e+01
7.521351823219572452e+01
8.054510935970546370e+01
7.393860238190933387e+01
1.033851363657850015e+02
1.178751109922865794e+02
1.173978920910045076e+02
1.049416667404193504e+02
1.044934480400908683e+02
9.503919967291170678e+01
8.356384038729413533e+01
6.105133853965372737e+01
4.748482684800256948e+01
3.384682751696732339e+01
4.511938790290628276e+01
2.828421689390279425e+01
3.332257218416123123e+01
-3.784571374282791112e+00
8.943427844884581646e+00
-4.749806639937332875e-01
2.897856315914657443e+01
9.332716443120295935e+01
1.665936384834415094e+02
2.417998673754841548e+02
2.679660672305680009e+02
2.541100361732565034e+02
2.262468926674411023e+02
1.693892140766517400e+02
1.475473152954916713e+02
1.377298173264233583e+02
1.099438656987565537e+02
9.119522864362755854e+01
8.248857495351614944e+01
7.882766146861570178e+01
1.012154201433700109e+02
9.565399465560835779e+01
7.514451652895843381e+01
8.668716074710152952e+01
1.022813508485538136e+02
9.192564350022416875e+01
7.161757255551322032e+01
4.135375261138665337e+01
2.613008208908456709e+01
3.694204587232115955e+01
2.678486754399000347e+01
4.365340126652620256e+01
2.754223335368919834e+01
1.244551358522625151e+01
4.357116318550993128e+00
4.270791455941434833e+00
-1.819754671487601172e+00
1.507914155946400570e+01
4.997932312116438425e+01
1.208924821945661279e+02
2.048298111673908579e+02
2.708012935025385559e+02
2.418148643647973586e+02
2.048757509060203574e+02
1.879867621294170021e+02
1.541486582806876982e+02
1.203603197379118228e+02
7.161908539258593009e+01
3.292109053300936239e+01
5.426175425662751195e+01
7.463616644998052152e+01
7.203887438206601246e+01
9.946367896021706656e+01
1.079036607030230925e+02
1.143509054922839141e+02
8.879642017319235947e+01
7.623006808188642935e+01
9.064082459030248629e+01
8.401690276969600291e+01
3.334560928307666927e+01
4.861341062442647853e+01
6.780643983163474786e+01
4.591034380848464025e+01
5.191009139436096120e+01
-3.209807674789317389e+00
1.553463723606694202e+01
1.515948274063384815e+01
6.680630106243597766e+00
1.311382900540098717e+01
6.474762304309706451e+00
-2.210182691167119629e-01
3.404197426541242066e+01
1.062814348606962085e+02
1.835147180497910995e+02
2.697581155514050693e+02
2.550260839370658914e+02
2.023303821971458092e+02
1.656802190611776950e+02
1.640827799548724215e+02
1.005435935017503084e+02
8.406654749753204214e+01
9.165452430200355138e+01
3.830956560947566913e+01
3.703279656901628414e+01
4.282495923403712368e+01
7.468642532998450179e+01
1.006171383327124431e+02
1.056162948538217847e+02
1.006820853335302672e+02
9.781164404910691701e+01
7.300109845696749744e+01
7.124559789708712287e+01
5.053956169845645263e+01
3.787669673408720428e+01
3.225020448137416906e+01
2.365290765074473711e+01
3.007730645058154550e+01
2.251566456019099860e+01
2.195994488581504811e+01
1.340188517705041704e+01
1.383300358404471808e+01
-7.553157619060471006e-01
-1.371827059541715244e+00
-1.773890314075288188e-02
1.231944466534326921e+01
6.765239681559904739e+01
1.489936675228686909e+02
2.173551302384261703e+02
2.537471684768704563e+02
2.221779922014982844e+02
2.106532739039216722e+02
1.841764642958309537e+02
1.227489075561776417e+02
1.073701060992704015e+02
7.203833485034249406e+01
3.975079503356607802e+01
2.650396748976493200e+01
4.129393555181223974e+01
5.611651751290628454e+01
8.596711872688973699e+01
1.118405833824299407e+02
1.127308959970071101e+02
9.663092268226785109e+01
7.253240224089870480e+01
5.142610716635959989e+01
5.030208462808786862e+01
5.714986753444901524e+01
4.395848577296271742e+01
1.571639773247329686e+01
4.116222169675438636e-01
8.032020866454786301e+00
4.456545120472230792e+01
8.999690435348725259e+00
-2.677929892599308914e+00
4.519831773040607459e+00
3.860696950405804273e+01
1.359743217392463066e+01
-4.952174135827362988e-01
1.342447570990941585e+00
8.512880117906257738e+01
1.708822040375732740e+02
2.306201654854522758e+02
2.583584860395884562e+02
2.501106600152160127e+02
2.428875981427087254e+02
1.916977100458404948e+02
1.445469764724037418e+02
1.214394611930905512e+02
9.437778250882820430e+01
7.136334432593190513e+01
3.639660677289168689e+01
4.347731634475462670e+01
9.960485557049997851e+01
1.087781722059436333e+02
1.139952179583455063e+02
9.925285675324363410e+01
9.954681256399624090e+01
7.887181683539398591e+01
8.422160554410186251e+01
7.058912594861669731e+01
5.996648309137992783e+01
4.934507612357373318e+01
3.571570453154942015e+01
2.606867435089719720e+01
1.739393446016231337e+01
3.168117305114628834e+01
1.091990437630607857e+01
1.709932587636831158e+01
6.208525793015951422e+00
-7.635786253268861401e-01
2.217186778450616202e+01
2.901134833614844410e+01
4.751124624555700393e+00
-2.612831868799844415e+00
5.791540282630802494e+01
1.303578548704748528e+02
2.027359712702678394e+02
2.500698954537055556e+02
2.633777434890938594e+02
2.236751307457840312e+02
2.029750388156926419e+02
1.582882125394288551e+02
1.146233670072138011e+02
1.229876344271431208e+02
1.063870007736423986e+02
8.182622214479295053e+01
6.430899076866876385e+01
7.583818061112214082e+01
8.141602254809788519e+01
6.704398907373456495e+01
9.672273852194530264e+01
1.174522587867523384e+02
1.122315705347928088e+02
8.205851991011627433e+01
7.492983074106689401e+01
5.284140627078977559e+01
4.078840044412265797e+01
2.776543879184043817e+01
3.576673896071366698e+01
2.678624094312516490e+01
1.281752706406820153e+01
2.485391178612650265e+01
1.488858139661368796e+01
2.914473643725500551e+00
1.592437738984381213e+01
-2.088947647385850814e+00
6.867099005908357867e+00
2.580598641059538068e+01
2.774111495655432691e+01
4.268562697380025384e+01
1.006523873811985936e+02
2.026538342413451801e+02
2.827013990929621059e+02
2.768044869364292140e+02
2.399696757581355087e+02
1.622007754996006952e+02
1.524991964055870994e+02
7.386472671310218630e+01
5.729562966718947337e+01
5.878942986562532269e+01
5.334307894988916132e+01
6.195294066716189718e+01
9.161484533383486450e+01
9.232400373689267781e+01
7.507471051486675151e+01
7.186033706625107698e+01
1.106735040424345584e+02
1.065061134914354852e+02
1.033489607262317804e+02
8.019177599866634409e+01
5.102325607097498050e+01
2.683129578763345080e+01
1.760327976055691579e+01
2.632632428870277863e+01
1.898736963823085944e+01
1.757309281205806428e+01
1.606998093940524086e+01
1.346434541856496026e+01
-3.257663051979420743e+00
9.889971582801422301e+00
1.925809431826223772e+00
3.868311704297525466e+00
4.173592035132406863e+01
1.185470386408975401e+02
1.953196524818063153e+02
2.420705623124525800e+02
2.468146153747134122e+02
2.205642382048436048e+02
1.703293891929441770e+02
1.491178210867341818e+02
1.369355833400410916e+02
9.178723422848139535e+01
6.067596267183830605e+01
4.460403971755283692e+01
5.357312965343925271e+01
6.258445072691472433e+01
6.663868545410008437e+01
8.273589050660888233e+01
9.587545616920010616e+01
1.010559453677276451e+02
8.727496227348376578e+01
7.352910049830717298e+01
7.781408090441391323e+01
4.412488906301507541e+01
9.455732404512730227e+00
1.780037711041836701e+01
1.615249480491957002e+01
2.505579108432925750e+00
3.852962116427079309e+00
-1.812049131420167214e+00
2.503813874947695695e+00
1.681192201640999428e+01
7.123621135707367102e+00
3.450088956360218617e+00
3.380243196567732866e+01
4.719172215007813520e+01
1.496286934716623591e+02
2.121236079753084027e+02
2.616852314189600293e+02
2.393202083244814844e+02
1.940325663614227665e+02
1.428239399972504771e+02
1.256940233737677772e+02
1.006410823933781558e+02
7.166212601825105821e+01
5.475315679973243732e+01
5.490946066790803570e+01
4.612577602129545085e+01
5.839629216380592425e+01
7.271473714159066049e+01
1.100742550378793112e+02
1.064672627885301495e+02
9.388507658685125534e+01
6.331794795352254823e+01
5.975518955845814162e+01
6.118548089209269847e+01
5.759690389296508783e+01
5.697692864480569597e+01
1.731244926230618830e+01
3.158979009087175882e+01
2.679510235141503927e+01
3.291422136694768596e+01
2.893271450945820789e+01
-1.641799912788428628e-01
-3.391513232633769803e+00
2.237303846136171614e+00
4.574274152296749207e+01
6.014524770275846777e+01
1.234648128629919484e+02
1.967208260286739687e+02
2.559314415766822890e+02
2.691128466756347279e+02
2.452786691797333560e+02
2.094398458147139763e+02
1.636048605196205585e+02
1.107801028350388606e+02
7.897032625294974650e+01
6.817917646430578316e+01
5.940950945679696815e+01
6.566349942634872150e+01
6.594272647379239061e+01
8.624811406496473865e+01
9.357992623843813362e+01
9.193756455164401586e+01
1.023194947627517877e+02
1.037232632542851434e+02
8.914539321382028447e+01
5.858137059630098520e+01
5.102578990273855197e+01
5.347265982043893473e+01
3.091547877880913120e+01
3.134721048065819105e+01
3.076050947400767654e+01
3.114771683477425768e+01
5.008660337801416063e-01
-2.188320935320462013e+00
2.507187291246657423e+01
2.729502588827932641e+01
1.949446558452666522e+01
1.168324664335875696e+01
5.587422876227014967e+01
1.540801548062889879e+02
2.053132088981561196e+02
2.505840343590646171e+02
2.319012213781185778e+02
1.862708543040789664e+02
1.646966984734932566e+02
1.311806565143658077e+02
7.472298408771655431e+01
5.832262504800019087e+01
7.497777601983079876e+01
6.868605040157206076e+01
4.744431181382748264e+01
3.724873701669673665e+01
6.509502832716128751e+01
1.219785155748322723e+02
9.189387763903766881e+01
1.028345736139496012e+02
9.679314365496406936e+01
9.576109957174094234e+01
7.772898524250388164e+01
3.968638693448087906e+01
5.162211362504717727e+01
4.952457742770900495e+01
2.038167423483605489e+01
3.018080469302390156e+01
2.990916563212601886e+01
2.755365207394862637e+01
2.310085994864164149e+01
2.853710964983395115e+01
2.584849056255518462e+01
1.102080670073826241e+01
-3.960396406589211438e+00
5.689031656153315453e+01
1.615979452861674872e+02
2.311869205452103415e+02
2.786800571371055639e+02
2.830978579910918711e+02
2.384580392358369636e+02
1.957754860214287191e+02
1.650626989175626136e+02
1.293302207390743206e+02
9.258694367381002621e+01
8.984046660740881407e+01
9.809746255607302601e+01
7.736370613133919960e+01
1.006439909701184092e+02
9.594233707226010210e+01
9.326175799770419417e+01
1.246043078830199420e+02
1.079711082471968666e+02
1.073620345661458373e+02
9.577588260469536863e+01
9.821037450732842444e+01
9.266227465970194999e+01
5.012736534372771757e+01
2.760050221857136421e+01
4.007603966974488685e+01
2.054805607773835163e+01
2.101022906264540779e+01
2.545603076399919473e+01
2.887872321904228556e+01
2.627131390470992756e+01
-2.373478489294939209e+00
1.936802013591716332e+00
1.218322440041788468e+00
1.248723044870729382e+01
8.175966151501575041e+01
1.610516262420903786e+02
2.133783176364393057e+02
2.477533181883084694e+02
2.531880766047673887e+02
2.386915640597036372e+02
1.762702198462388878e+02
1.239280963418541432e+02
1.086674832218319580e+02
8.148943088049185235e+01
8.439390303732096754e+01
7.938004851749781210e+01
7.444617220717037753e+01
6.058978519200161372e+01
9.480765409593260529e+01
1.210959396450526810e+02
1.074498544889102050e+02
1.038634003176572946e+02
9.732950432290101617e+01
6.884005506224548299e+01
5.838596779825161320e+01
6.395746939292985189e+01
7.054420284861265600e+01
3.513517159293883196e+01
2.471867361151862497e+01
2.328265553824650169e+01
3.381481682028095292e+01
9.302624078225051107e+00
1.273320578451404117e+01
8.093597385342491179e+00
8.370706994847296301e+00
2.955136179119159578e+01
-3.377694754531205490e+00
5.569985315154553973e+00
5.141459312832228079e+01
1.321762641131923601e+02
2.378746195520536162e+02
2.505279589645540455e+02
2.521522031241458990e+02
2.147607675246920280e+02
1.783645461380240249e+02
1.469722853282982555e+02
9.959094781421009657e+01
9.722602659160168059e+01
8.788201874683716142e+01
3.556244910601469655e+01
5.726996367504546015e+01
9.700685283534954806e+01
1.147748342687103786e+02
1.015746555883831093e+02
9.040591665928036491e+01
1.152672015997590051e+02
1.061561904690091751e+02
8.906941065420534187e+01
5.400232798061739459e+01
3.194951757940884818e+01
2.690501455846339240e+01
4.986253453048914253e+01
5.081552405804865202e+01
4.075693107835934370e+01
2.467919537339815861e+01
1.757434915583121438e+01
1.043417784637085788e+01
1.225029112223796801e+01
1.701419431887529754e+01
1.271727026881433176e+01
-2.649268337356659231e+00
1.690566401824787590e+01
6.239961904420374594e+01
1.478499793924469827e+02
2.202735037187231910e+02
2.516854721789843552e+02
2.390989621941452015e+02
1.955245343303983532e+02
1.359703581643148027e+02
1.244426480271222317e+02
1.139462585464669928e+02
9.848479992351525425e+01
7.806074289684772793e+01
7.867557335704577781e+01
7.232999658726214420e+01
7.402393111491568334e+01
7.875657216745969436e+01
7.252637473303639126e+01
1.013310062340663080e+02
6.716740882922294986e+01
6.403151136711710478e+01
7.791857102227163523e+01
7.282320465409566168e+01
5.773924993628804714e+01
3.665981631050135547e+01
6.057743582588858544e+01
3.248427393343979475e+01
-1.628109690213136673e+00
3.923151978882242474e+01
1.107066202024429913e+01
-1.035756614473939408e-01
1.971580337162720298e+01
-4.631695317939374945e-01
3.336733981899351420e+01
3.921979267831653715e+01
5.810631662710397904e+01
1.460386470483579728e+02
2.150279382619143007e+02
2.410838842011382894e+02
2.402140285200124481e+02
1.934235040336773181e+02
1.467150414169883561e+02
1.250894371097605813e+02
1.015460204013950261e+02
7.308286968692164010e+01
6.069704790116645654e+01
7.038488715025880538e+01
5.914211256984907550e+01
8.096374544671658668e+01
9.484421564651501058e+01
8.977714339744363770e+01
1.047552004855454584e+02
1.037701609254294794e+02
9.181275117970000110e+01
8.387266000935215970e+01
7.093865804786969420e+01
5.099867720213615030e+01
4.203993999245477653e+01
4.004915895235660628e+01
2.601262621597300040e+01
3.791623342584603051e+01
1.374561209825560582e+01
1.248601458714767887e+01
1.225557903471781174e-01
-3.359774254466856291e+00
2.401326482697641040e-02
1.629247130515221897e+01
5.146415258329966491e+01
1.255574468913469559e+02
2.075902293798463347e+02
2.295791196248809456e+02
2.535386613002402214e+02
2.294811022885172633e+02
2.014161550856920826e+02
1.683512373767218833e+02
1.262917526850130798e+02
9.524142102159862588e+01
8.920269947998485804e+01
6.217709273946798021e+01
6.216521345234934870e+01
6.216705250000313754e+01
5.818197911166919312e+01
8.520874084606242604e+01
9.724550344210695130e+01
9.728958055131840865e+01
6.233731337017792384e+01
3.338407019936141751e+01
3.642459596641106145e+01
4.045330175816707197e+01
4.746423441551024780e+01
3.045103624630394279e+01
1.340687491606746562e+01
9.324613579957713227e+00
1.419698132438247740e+01
5.016613989613688318e+00
3.776005446109934383e+00
-2.532400601809854379e+00
2.083801790118968711e+00
6.423172481732990491e-01
2.516082956061211462e+01
9.465701609252209892e+01
1.411483026006948194e+02
2.016511682717605822e+02
2.361806808093240306e+02
2.297498914053067551e+02
1.913694894448224773e+02
1.590478668140710283e+02
1.307915017043577564e+02
1.006052818283201304e+02
5.849278698357863959e+01
5.545659091493541837e+01
6.049868243932274936e+01
8.662049580776408675e+01
5.082286028445861348e+01
6.610573892864726986e+01
1.064685865709685118e+02
9.091019698467164289e+01
7.442829925714022465e+01
8.401971337378802218e+01
5.968051503703622984e+01
5.040593975217234401e+01
4.519062621933369428e+01
5.602870907926012478e+01
2.591387106642946492e+01
1.483923462822866668e+01
3.679766307333409259e+01
1.978187131807601418e+01
2.578420630215367737e+01
3.579681714655339420e+01
4.281159513019849783e+01
2.082007356384099239e+01
-2.186642357718369567e+00
2.978234435958540871e+01
1.037397752669708098e+02
1.716980940922129548e+02
2.486687071653342400e+02
2.556613038354163905e+02
2.036830867644696355e+02
1.837387020014660379e+02
1.598307587645101080e+02
1.139600288846862099e+02
8.012568588549095239e+01
5.932576369013219164e+01
6.155749496495900530e+01
5.181751911868366278e+01
7.210185998506904070e+01
9.740602322268676971e+01
9.872479347150908779e+01
1.090519813112758811e+02
1.073804100737926319e+02
9.070181257105173245e+01
8.800684781094497566e+01
7.828526778323850976e+01
5.752594440922024432e+01
3.971696675750047234e+01
2.884584863724546722e+01
3.189970668795388065e+01
2.386536909063778467e+01
2.972934502924232447e+01
1.847790503402200102e+01
1.409702234178104163e+01
2.157248541027377087e+01
8.899417270312142136e-01
-3.965176945269433872e+00
2.799255225663193869e+01
4.978816431367874884e+01
1.424464142812923342e+02
2.149915593332509616e+02
2.834464321791903103e+02
2.598317156131529373e+02
2.191652579648597907e+02
2.044623092468756340e+02
1.687359278191859175e+02
1.339971274186834194e+02
8.325523442298288046e+01
8.051823523842472241e+01
6.279328371900555794e+01
6.508672853636966238e+01
7.040429042932436232e+01
7.275103926939164012e+01
8.313134088518933140e+01
1.195488335949426073e+02
1.180063244034681702e+02
7.750542482724631554e+01
5.404656631951354484e+01
4.262940527925820788e+01
4.025305763980571783e+01
3.491621304042882912e+01
4.061715858982387317e+01
2.135383223455687585e+01
3.812376574960819653e+01
3.592427737163575330e+01
1.675230409964024147e+01
2.060442368984837458e+01
1.747704637544609341e+01
2.136637634538260500e+01
7.268443018143557310e+00
-8.209378515488765515e-01
-9.060231934027456191e-01
1.501713123201074040e+01
8.896152083582251180e+01
1.689399908578513987e+02
2.279644969227076103e+02
2.540453052550929556e+02
2.291904024347397808e+02
1.924052345883284261e+02
1.576929559385148423e+02
1.170547966556091524e+02
8.549040998036224437e+01
5.899827860555859615e+01
5.857603031988264775e+01
5.822070292923308443e+01
6.992874847920535331e+01
8.169603680836587500e+01
8.551773846779622090e+01
9.338820704821023355e+01
1.093009409629371476e+02
9.024850474323602612e+01
9.222236991095655867e+01
7.621310550290093033e+01
7.421035833217297295e+01
4.520301308082122205e+01
3.117921232731094960e+01
3.812664661997666826e+01
2.303269471502972010e+01
2.288435410221535449e+01
4.866839194433185867e+01
4.037134656063659577e+01
5.897926958646780804e+01
1.647780894369816451e+01
9.852022761504656501e+00
5.086804390974918988e+00
-3.833051337031179173e+00
1.207719954030238796e+01
4.784059316864846778e+01
1.034800449216842253e+02
1.950179917671550811e+02
2.384758358723573792e+02
2.668730292246697218e+02
2.212266390531119669e+02
1.845510638564122701e+02
1.388584898669083714e+02
1.021592578062995926e+02
1.064623198113870899e+02
9.077560642639355137e+01
5.310598357234391642e+01
5.245940941419894443e+01
7.084131105708371479e+01
5.625659101202916190e+01
5.370944337695607373e+01
1.052034996838751795e+02
1.157418543703635123e+02
1.023265498390012453e+02
5.395847107382513741e+01
5.063747979337335892e+01
8.736289813147340055e+01
5.313354184715490192e+01
2.094735307046607886e+01
2.980174259603688824e+01
2.869391174496684016e+01
1.662076382092971016e+01
2.457891518848134638e+01
2.456481600453969349e+01
2.357467063687090558e+01
-1.395562194918682053e+00
2.264984048207082878e+01
6.720543307066577654e+00
4.825984420891018090e+00
1.097553475893352015e+01
3.217851699673906296e+01
6.844414405450527283e+01
1.567813070672594904e+02
1.951982127285888282e+02
2.397014999190098479e+02
2.142958555369119154e+02
1.689835694656856049e+02
1.577647886301658673e+02
1.026379701194931613e+02
1.015999933749219508e+02
7.464671145800542718e+01
7.377296143036352305e+01
6.397283388650151892e+01
5.923968169131057948e+01
7.256621798134312940e+01
1.009445634963345810e+02
1.063661133138408559e+02
1.108212530657829120e+02
9.229930472294859101e+01
5.978848204359508145e+01
4.727607579293282924e+01
4.874877885135174438e+01
4.219281133848409127e+01
5.959390588617395679e+01
5.093737319815227238e+01
4.220792803909137092e+01
3.738977579993161271e+01
3.946669979233280401e+01
3.242210943019699698e+01
2.123901946042838063e+01
1.290012040883681266e+01
3.387890411037801641e+00
-4.315321398557216526e+00
2.277280023555931621e+01
4.667768062966626985e+01
4.642451737204009987e+01
1.030380412741515102e+02
1.735425189022973882e+02
2.479611864423620204e+02
2.673155446550406396e+02
2.826246146891641047e+02
2.289047445381166881e+02
1.831694559491357950e+02
1.514299816220134289e+02
1.286957225619821088e+02
1.309745654744579042e+02
8.727311010763173726e+01
5.859664646404019095e+01
5.694959181511876523e+01
7.633577746583864609e+01
8.375846522525301907e+01
1.032201535446401408e+02
1.187225032906263209e+02
1.072661431283023603e+02
9.985051449772629439e+01
9.147398617752503469e+01
7.513392844118038738e+01
6.382679682231264451e+01
4.854829551525762099e+01
4.729349044638286159e+01
3.405696205910084018e+01
3.583281786191957963e+01
3.561482479372659782e+01
1.639639146523091995e+01
9.170570338893696771e+00
1.593024991326149120e+01
2.266822698117766777e+01
2.537713903298646301e+01
2.004939687676238691e+01
5.677157549190212649e+00
-2.747622407013921020e+00
2.876695677929058093e+01
1.082402436270905923e+02
1.736912989858051901e+02
2.211381013024172262e+02
2.325968921109197822e+02
2.140817015642925867e+02
1.746042338465942976e+02
1.401740523248680574e+02
1.127989743238186975e+02
1.144854154276279132e+02
8.323866323073457352e+01
7.306286047342325674e+01
7.696131750934620186e+01
8.093661406355113286e+01
7.999056024791082109e+01
8.212415680815774977e+01
7.333760458442236541e+01
9.463028317526698174e+01
9.800083880320812568e+01
9.544697138793094382e+01
6.996540084073234311e+01
6.355189260319582445e+01
7.220151246289611890e+01
4.890869068848212464e+01
3.066713553347807419e+01
3.747006616450130423e+01
4.731039507681396117e+01
2.918066006501692300e+01
2.207292581976008705e+01
7.978965225093247682e+00
1.890330435807982212e+00
2.479849381704377720e+01
2.269490883063599540e+01
-4.292190465182557091e-01
2.041708871339028519e+01
-1.770901463554537258e+00
3.600187267784400547e+01
8.274816469840340005e+01
1.764803681402145230e+02
2.442100490637213284e+02
2.509470087256863735e+02
2.276986062823818884e+02
2.164696914199928415e+02
1.602628368386414195e+02
1.260784505415356875e+02
1.119153379035150238e+02
8.377104351491357193e+01
7.364199281268633968e+01
5.652377352335372507e+01
9.441123695350802336e+01
9.029866917200627086e+01
9.617941213533617884e+01
1.170459048132937596e+02
1.138896243815543130e+02
1.047008775567446719e+02
1.004688321592481088e+02
1.141816090006723243e+02
9.582632420430400089e+01
8.038895207734003634e+01
6.685450866373554391e+01
4.520720611792518184e+01
3.343058804925709637e+01
5.350774599501824014e+01
7.042143718661526464e+01
4.415388377799473574e+01
2.968660370873158172e+01
-3.999326620436875146e+00
7.687232518929931757e-02
1.393593335324828786e+01
-4.014114973446112344e-01
3.408543045299245478e+01
4.542106198469963374e+01
3.162974502391278975e+01
6.473528728614786587e+01
1.387611801894709060e+02
1.907302677990753068e+02
2.386640065683527041e+02
2.415819456480170970e+02
2.205012475487167194e+02
1.784366589616436158e+02
1.584007215655146297e+02
1.384041926724569862e+02
8.945624558738228416e+01
6.156466957327535283e+01
6.873635933066532289e+01
7.097759391338564683e+01
7.929396501167639144e+01
9.869035453983883599e+01
1.221708514725238501e+02
1.197385578808373339e+02
1.353953541273702967e+02
1.261419231891351842e+02
9.397759408960348537e+01
8.490043443301499337e+01
6.990757204766873656e+01
5.999528575751952530e+01
7.315915531080219125e+01
6.339416050289378290e+01
4.369454953761828619e+01
5.305393667719488349e+01
7.846549923834714946e+01
4.492188399843223579e+01
3.541495307981472251e+01
4.893611938601941347e+01
2.947644167104044755e+01
-9.735106723220496860e-01
