4.244920101036720794e+00
3.489409566811065844e+00
2.733856583384400629e+00
4.978183807460046850e+00
4.222286557175493726e+00
4.466010368830154675e+00
-2.908414441421252050e-01
9.514897715888100960e-01
2.195668175380098397e+00
1.144434841169116090e+01
2.370016316829966740e+01
3.096563068949916797e+01
3.324303221795153007e+01
3.653433934001172645e+01
3.484119121171254818e+01
2.716486164569339223e+01
2.250627604268152737e+01
1.786608815478776080e+01
1.724472667136247850e+01
1.664244162087452139e+01
1.305931058452600269e+01
9.495244719102837294e+00
1.095002458828508551e+01
9.423335803305617375e+00
7.914754475151418944e+00
1.242376248145144224e+01
1.494976255228988293e+01
1.249203318012611419e+01
1.204970335979397866e+01
8.621777165795521114e+00
1.120713817559917835e+01
8.804583748901734452e+00
7.412799174018200432e+00
7.030381693426095424e+00
8.655854421611191896e+00
7.287670169242321805e+00
5.924195188444091542e+00
5.563722854639424398e+00
5.204487301299353774e+00
2.844667024666371447e+00
3.482388476109946396e+00
3.115749660329299786e+00
7.428137581388938315e-01
2.361612792856568888e+00
-2.982864033742060883e-02
-4.335095623907569973e-01
8.148868993865860944e+00
2.171993675613003205e+01
2.828224196340939400e+01
3.283811565534401922e+01
3.138960604915436647e+01
2.793843298090433080e+01
2.348600239059732786e+01
1.803344083390697605e+01
1.558164000648299208e+01
1.513131126956674777e+01
1.268301016799953373e+01
1.023714093350994858e+01
9.793980967724902342e+00
8.353705300861996363e+00
1.091639102332914746e+01
8.482031688481249887e+00
9.050511685762970160e+00
9.621630584302071298e+00
9.195097448109454064e+00
8.770525124890163227e+00
9.347434511374764554e+00
6.925258799042556035e+00
6.503337705027696813e+00
9.080941693876361853e+00
9.657276196757678122e+00
1.023145583542381942e+01
8.802498658864998049e+00
8.369320401513064667e+00
8.930748772813281278e+00
6.485527789006884092e+00
6.032312158847371819e+00
3.569691735810337718e+00
2.096196050249780285e+00
-3.896810643976778010e-01
1.110533263344073873e+00
1.599204818784478732e+00
4.078688281900340940e+00
1.155132234062027408e+01
2.201940489599005701e+01
2.748511833583206254e+01
3.195042485391969223e+01
2.941701179284299172e+01
2.588624699094344805e+01
2.335920411644465133e+01
1.883669797510029298e+01
1.731930978062290194e+01
1.380743237974520810e+01
1.130128542610214737e+01
1.180095049900484838e+01
1.030639616491016852e+01
7.817472980769977653e+00
1.133392843957449259e+01
9.855431859584136589e+00
7.381539219774907679e+00
7.911707944804220460e+00
9.445321643937262479e+00
8.981684809359755661e+00
7.520007480041002168e+00
8.059409878102165692e+00
5.598937025589620475e+00
7.137553350450943412e+00
4.674167291263465529e+00
6.207615911070980985e+00
2.736689531244380191e+00
2.260116396995435650e+00
3.776597386640546006e+00
2.284810777332168641e+00
7.833970802488465779e-01
1.270973958461333098e+00
1.746151241069568982e+00
1.207526047433930216e+00
1.653678035402343482e+00
1.083174787562242614e+00
-5.054326502792747533e-01
5.886395935937024149e+00
1.626225003244665857e+01
2.562566026152581600e+01
2.897999462295032913e+01
2.932836485989339792e+01
3.167359291558200596e+01
3.101820744959447751e+01
2.836442038558000434e+01
2.371413346511320697e+01
2.106896478556485874e+01
1.843029530297103236e+01
1.679929528371990699e+01
1.517695069124664542e+01
1.256407949603350716e+01
1.296134789905584483e+01
1.136929646049402010e+01
1.378833612704937650e+01
1.521876415245861836e+01
1.566073990709722352e+01
1.411427057369914451e+01
1.157920672759922809e+01
1.105525780142659187e+01
9.542017435743034071e+00
1.003896871853234529e+01
1.054549931760392667e+01
9.060896511079931770e+00
7.584342122089310578e+00
9.114927364795860854e+00
1.065166760994216588e+01
9.193487078997094386e+00
8.739203476753488076e+00
7.287542573133350743e+00
4.837142746023857853e+00
2.386569497886455338e+00
3.934339959755135396e+00
1.478947396968806061e+00
1.884573146682555489e-02
-4.475259042853991787e-01
1.078271433720232153e+00
5.599147473275650100e+00
1.611800115945843004e+01
2.563767544587145153e+01
3.116085210610589229e+01
3.568995653699846571e+01
3.322710252686491117e+01
2.877404696445553611e+01
2.533221446749540462e+01
2.290274191323986486e+01
1.748651285679959244e+01
1.908418182586608225e+01
1.569622848300221563e+01
1.332294164895260735e+01
1.096445318217708120e+01
1.162076171171894146e+01
1.029175622208968832e+01
6.977209490183696516e+00
8.676791375333124279e+00
8.390101964775141141e+00
9.116654577833230633e+00
8.855878632811155171e+00
8.607112381466876627e+00
9.369605516771969178e+00
1.014252166057413262e+01
9.924930738665921126e+00
9.715801251623219059e+00
6.514002450714542647e+00
7.318306429195857277e+00
7.127420140298653450e+00
4.939977354190077108e+00
6.754540566835828486e+00
5.569622874428048931e+00
6.383669827753152504e+00
5.195071281368839777e+00
4.002153253134451916e+00
2.803189810196471399e+00
-4.035850018311748499e-01
1.380034830767272069e+00
4.156287135875984973e+00
2.927395941030766835e+00
1.695543710896117773e+00
3.462883636177025437e+00
1.123155195214141600e+01
1.900365026522075595e+01
2.678116786632701007e+01
3.056590400986941347e+01
2.935939013857853297e+01
2.716285203614484089e+01
2.297722189235730639e+01
2.080316026848457511e+01
1.664109795357623511e+01
1.449125770507923505e+01
1.235369586946100640e+01
1.222832388061191011e+01
9.114929635463539626e+00
1.101317874770867888e+01
1.192264568174375938e+01
1.384279477017776117e+01
1.177297111916280414e+01
1.071238140690326190e+01
1.066011458189237260e+01
1.061515246880931329e+01
1.057637029118740202e+01
7.542537121035337577e+00
7.512316266658913833e+00
1.148429561099274565e+01
9.456987913808774238e+00
1.142879109192278975e+01
8.398008492271415548e+00
8.362829173880314215e+00
6.321358215690253246e+00
7.271617068350181512e+00
9.211563968926867574e+00
8.139084438316345427e+00
5.051971881774903750e+00
2.947938313714388414e+00
-1.753547711722376334e-01
-3.202753575751131621e-01
2.512560363979588374e+00
4.325735753787952831e+00
4.121809046542352917e+00
9.903295219577671560e+00
1.767266803213829007e+01
2.343230221051638296e+01
2.718439575432378774e+01
2.793091234015020063e+01
2.767354380062775476e+01
2.541370265926509830e+01
2.115252470413278729e+01
1.589089158627484721e+01
1.262947343148815094e+01
9.368781456653664463e+00
9.109200583918010352e+00
6.851022047613213317e+00
6.594445990065395335e+00
7.339604043380234089e+00
1.108656189520343105e+01
1.083531183714021040e+01
1.258573529517683198e+01
1.333760534218114913e+01
1.209056919366807392e+01
1.084414068909917717e+01
1.059771276224392977e+01
1.035056990546485167e+01
1.110189063399677423e+01
9.850749957375441568e+00
7.596111866230188525e+00
7.336841843690706355e+00
8.071729411768046702e+00
8.799490724054805924e+00
1.251876121684942689e+01
7.228088331543062850e+00
3.925894321914682905e+00
5.610529160859826447e+00
5.280303562330857403e+00
1.933472134988519997e+00
-4.317633155420992352e-01
2.182779681642728065e+00
4.779596912969026334e+00
1.236116233706600553e+01
1.892990211659375177e+01
2.448811880258895712e+01
2.803792564706708390e+01
2.658119102085558438e+01
2.411950291552543035e+01
2.365418351073735437e+01
1.918631379112287050e+01
1.671673819947838524e+01
1.224610931546234838e+01
7.774912551351064849e+00
7.303510858327754818e+00
9.832189438449987051e+00
9.361160458666773820e+00
7.890537764032742984e+00
5.420341587997953070e+00
7.950513258634799740e+00
1.048093990059979319e+01
1.001142913341681151e+01
9.541683767210685119e+00
6.071306497814873637e+00
3.599804604225127491e+00
2.126624652372242963e+00
4.651177210140900797e+00
5.172851579169275738e+00
3.690990549323402092e+00
3.204885181953429196e+00
2.713789628504031270e+00
2.216925991568132304e+00
7.134892358422177949e-01
2.026521567628662979e-01
-3.164195851257147751e-01
2.155437644199011515e+00
3.620548510415090959e+00
3.081216124824095459e+00
4.539707393242423450e+00
8.998258409325231355e+00
1.845905986965368584e+01
2.792421248822485325e+01
3.139563238843703630e+01
3.187495645156363366e+01
3.136350760255407977e+01
2.786229001679330963e+01
2.437199423459026093e+01
1.989303217335358909e+01
1.542557203054968795e+01
1.096958307332312188e+01
1.052488031309820826e+01
8.091169065468449162e+00
7.668049397224251607e+00
9.255040463465320499e+00
1.085158473879734231e+01
1.145703214742141540e+01
1.207062409769123690e+01
1.169148742763906057e+01
1.231862826905617680e+01
1.095093583885963540e+01
1.158717616768367975e+01
1.022600577680407241e+01
7.865965315734968044e+00
6.505493173932705986e+00
8.142949081200413275e+00
7.776627712409577953e+00
7.404742312940840065e+00
8.025428361897667173e+00
9.636747290960443024e+00
7.236680277525806559e+00
4.823112131517461876e+00
2.393855296056244697e+00
1.946673983141522513e+00
-5.206915337803934563e-01
-1.052044800297835536e-02
3.480109755602711630e+00
9.954226691441306230e+00
1.941482317281980841e+01
2.486479247077824084e+01
2.930683370812494104e+01
3.174339735974351129e+01
3.017664083218045334e+01
2.460840409800871953e+01
2.104022536339289218e+01
1.847339675045662943e+01
1.690899997906979024e+01
1.334793203513481785e+01
1.179092081455422658e+01
1.023856073391033306e+01
1.169132830057722572e+01
1.014959763632157319e+01
1.061362594962702133e+01
9.083568953000792590e+00
1.055947622269059138e+01
1.104130649925446050e+01
1.052891292848818239e+01
1.002203824312255165e+01
1.252031988675901175e+01
1.302329508261658475e+01
9.530375850715302022e+00
8.040843978124371461e+00
6.553885948154515972e+00
6.068607835676630202e+00
3.584050176702135104e+00
3.099192821164081124e+00
2.612979778493752292e+00
4.124324066194105853e+00
4.632112571970338877e+00
1.135190940286975092e+00
-3.676415055172697066e-01
2.122403205986870489e+00
1.607785784868866585e+00
5.090945717166107443e+00
1.057430641105804625e+01
1.706024036526687837e+01
2.555101433545078748e+01
3.204872447486425813e+01
3.255521142661837075e+01
2.907199534657945605e+01
2.460027083849945484e+01
2.314094178617679631e+01
1.869466607070140185e+01
1.626187016374530003e+01
1.284279359031972945e+01
1.343751325673429164e+01
1.404597764136266846e+01
1.366800084744602373e+01
1.130325651844913182e+01
1.395128161782815823e+01
1.461150007647412963e+01
1.228319631246182553e+01
1.096550862886527966e+01
1.165745249679542894e+01
1.135793373227696179e+01
1.106574157680955750e+01
8.779551692555600084e+00
8.497929084261642174e+00
9.219350961157260826e+00
8.942209553181214687e+00
1.066480489676268917e+01
7.385347606235171725e+00
4.101941647883194264e+00
3.812617134515221551e+00
5.515363159523190006e+00
6.208130690127688922e+00
2.888815539917629849e+00
-4.447485588250401634e-01
1.205243238026298513e+00
4.841038812700730887e+00
1.146487399499497428e+01
2.007893620431758563e+01
2.668529821133711266e+01
2.828583199735999187e+01
2.688214269071050921e+01
2.447555256139307289e+01
1.906711505798509165e+01
1.565763887353841710e+01
1.224774202995425298e+01
1.183788597274502763e+01
8.428409670002849907e+00
6.019533710960018880e+00
2.611394400752061529e+00
8.204067849177477001e+00
6.797604052090576943e+00
9.391970964667166299e+00
8.987068566042438533e+00
1.058270291564193144e+01
1.117859020220546995e+01
9.774340787443577483e+00
7.369453247164642562e+00
6.963328413769232839e+00
5.555293425125370277e+00
7.144605785816935395e+00
5.730467447493396094e+00
6.312008915746332605e+00
3.888303391492797800e+00
1.458360955560635830e+00
3.021152805743867020e+00
1.575635556226785639e+00
1.120735609665729271e+00
-3.446363876384168634e-01
1.178419003259136844e+00
1.692244138815851784e+00
1.991695912992099693e-01
5.701509010535033894e+00
1.820157405465323563e+01
2.470161936669370562e+01
2.620371757395577106e+01
2.670969428754523278e+01
2.222111308139201924e+01
2.173927043248312430e+01
2.026524060667492222e+01
1.579988047711952959e+01
1.134384426456290385e+01
1.089762819094613633e+01
1.246161503976765061e+01
1.203607861824394831e+01
1.162116811744101597e+01
1.221691236763854249e+01
1.282322398743502845e+01
1.243989342630536044e+01
1.206658290148453716e+01
1.470283023127331035e+01
1.534805256814337326e+01
1.200152003626419628e+01
9.662349279279652592e+00
1.132953692563341974e+01
9.001982980276380886e+00
7.678474152789959817e+00
8.357707132925753513e+00
8.038301825693793035e+00
4.718794559032630787e+00
6.397641277862646803e+00
4.073250739158595479e+00
4.743967723482370502e+00
2.408096278888478992e+00
3.063893013754181993e+00
3.709590455493810168e+00
3.433904925914248452e-01
-3.654208237338707477e-02
-4.320459107260319342e-01
1.554054216111921960e-01
4.728654467364208358e+00
1.229054222520466055e+01
2.384386240725950756e+01
2.839128582023329272e+01
2.993524483220653565e+01
2.947788789840157619e+01
2.502106412159224647e+01
2.256632782567322693e+01
2.011498312389801413e+01
1.866810846624187548e+01
1.422658115284855285e+01
1.279109180277720270e+01
9.362188769275377354e+00
8.940292494672519297e+00
9.525729799410214582e+00
9.118738101005050112e+00
9.719459559675613036e+00
8.327945148259232155e+00
1.094414864499776741e+01
1.056794054868163357e+01
1.319908191661465935e+01
1.183722812669506652e+01
1.148190256600176440e+01
1.013251024933256872e+01
9.788341372459370859e+00
9.448584806051542273e+00
9.112331537364724454e+00
7.778578067806449781e+00
5.446229775468907519e+00
6.114114252663540583e+00
5.781004629403867057e+00
6.445612894561008943e+00
6.106593226959574849e+00
4.762535349295404785e+00
3.411967918331868077e+00
4.053371965478845595e+00
6.851944024669762712e-01
3.305841607307314689e+00
9.137131060670071747e-01
-4.928246336029644681e-01
1.084585718817152156e+00
6.649224811936846891e+00
1.520436244850836260e+01
2.775320193903581867e+01
3.429879455039872482e+01
3.484391401745705252e+01
3.339099108712537145e+01
2.994210806717796913e+01
2.649901335547824033e+01
2.106315592880869758e+01
2.063571977381815259e+01
1.721767824559611881e+01
1.580979834203435530e+01
1.341267488424213639e+01
1.202674459534537732e+01
1.165231007172084787e+01
1.228955364229938141e+01
1.193854111291096842e+01
1.159921539384922085e+01
1.327140000999656877e+01
1.395480249408154805e+01
1.064899766483236476e+01
9.353420792952164220e+00
1.106740065916733329e+01
9.790172509996267536e+00
1.252086091795078460e+01
1.325849255381749003e+01
1.100196887977392635e+01
1.175005877307205537e+01
9.501421091274977471e+00
5.254597191358044483e+00
4.008033416085766021e+00
3.760123562250782925e+00
4.509221346311335310e+00
3.253642883489874293e+00
1.991659196795296793e+00
3.721508772807567311e+00
2.441410181514697797e+00
1.149544777816942087e+00
2.844069502512610370e+00
-4.768701990477097752e-01
2.184842677791550614e+00
7.832089070974404876e+00
1.546772807001821093e+01
2.409454044354950497e+01
2.971515228291400490e+01
2.833194873405290082e+01
2.494701779138443953e+01
2.156216412983934561e+01
2.017894295417039530e+01
1.879869384748877792e+01
1.542255460347621465e+01
1.205147502887567157e+01
9.686250704884173501e+00
1.332755669794846654e+01
9.975971212008175826e+00
1.063193917543571843e+01
1.029580575689138300e+01
9.967809805643696563e+00
1.264808721290347648e+01
1.233667419178348723e+01
1.303348047452431047e+01
1.473829242662452543e+01
1.345076607877791730e+01
1.117041007875394598e+01
1.189659856666122550e+01
1.062859397850743903e+01
9.365539784314591998e+00
8.106473168164654908e+00
8.850337658741807445e+00
5.595995719998541063e+00
5.342221312510616826e+00
4.087732436896658328e+00
4.831193671562004965e+00
5.571228717587615620e+00
2.306412964117754427e+00
1.035266088009478835e+00
-2.437152980098176158e-01
4.679550661263363054e-01
1.711981563116751204e-01
-1.330697311108508529e-01
2.556065988220154850e+00
8.240849265279962310e+00
1.692349849038379261e+01
2.560614964535446347e+01
2.829076947702967004e+01
2.797906867075067794e+01
2.767247500416380035e+01
2.337213646422844704e+01
1.707892431315380577e+01
1.379347609178449829e+01
1.051625855172198953e+01
9.247600509806716218e+00
7.987725620293559814e+00
7.736765061432379298e+00
5.494770134216651059e+00
7.261714771989318251e+00
1.003751796039196620e+01
1.182202606791835819e+01
1.161498508788255890e+01
1.141602279333784509e+01
1.222465080748648347e+01
9.040266593302789033e+00
7.862145367253134509e+00
8.689471943137732524e+00
8.521352513302929310e+00
7.356806375375498419e+00
7.194767613457003108e+00
8.034096743585166678e+00
4.873582334121493886e+00
4.711932612459804659e+00
3.547807070170762245e+00
2.379818079498534189e+00
1.206542534616687590e+00
2.653353151791293385e-02
1.838332100769491717e+00
-3.595209923966535825e-01
4.314966339303225595e-01
1.213498976375433358e+00
9.885957165971888116e-01
2.758884401264253938e+00
1.152645269108805337e+01
2.129336065793592070e+01
2.706155310914817846e+01
3.083276191845845915e+01
2.860844834406921677e+01
2.338976531656351199e+01
1.717757968204091412e+01
1.497252438894767579e+01
1.077506060993314918e+01
5.585499792402686126e+00
5.404045633155590167e+00
5.230845973992899189e+00
5.065994616259104077e+00
4.909533052839208267e+00
7.761452116671762269e+00
1.262169354536484889e+01
1.149012146200539064e+01
1.136647377274476867e+01
1.125037348251981939e+01
1.114132993152944096e+01
1.203873995623763449e+01
9.941888979808936710e+00
8.849942038008180134e+00
5.761964747710266010e+00
5.676934226369837688e+00
5.593769971794074536e+00
4.511334712447819584e+00
5.428435239096330633e+00
5.343833229157496589e+00
4.256236075696989474e+00
1.164297733447909877e+00
6.662959478262564517e-02
-3.816859090392199505e-02
8.485022594872475565e-01
-2.743774667216030139e-01
1.592164132769056550e+00
1.449839991151350205e+00
7.300347119975754140e+00
1.414536803239312235e+01
2.098651223808303712e+01
2.782524779304480944e+01
2.566283288815543528e+01
2.350024746181395585e+01
2.033821482409069858e+01
1.617722328258130915e+01
1.101755776273301990e+01
9.859341417759992510e+00
8.702587225298657359e+00
7.547209569571236898e+00
7.393035808927606922e+00
7.239817829621927103e+00
9.087233587550201719e+00
8.934888640430131090e+00
9.782297673643370217e+00
1.162888602368519742e+01
1.047398120407399347e+01
1.131679443946802621e+01
1.115643221471373181e+01
1.099188784671298436e+01
1.382204308804529092e+01
1.264566977241202039e+01
1.146140151308350141e+01
9.267745466632106854e+00
1.006309417561504915e+01
8.845747505134795574e+00
8.613904689351727484e+00
7.365676504951409242e+00
5.099087589572206980e+00
3.812088924087390751e+00
2.502580498494467065e+00
1.684241819017415764e-01
8.074568176126035723e-01
-5.824864353115799531e-01
4.996421507622471836e+00
1.354782677039685268e+01
2.207532551277842003e+01
2.958237841626629461e+01
3.207222540910458974e+01
3.054781059575316249e+01
2.801175735841775349e+01
2.646638360119828803e+01
2.391372711062086864e+01
1.935556100937554902e+01
1.679341928288124564e+01
1.522864236094676471e+01
1.266240273918799630e+01
1.209572062679706050e+01
1.152948960893860431e+01
8.964482313570954375e+00
1.040135607375623295e+01
1.284067857773339938e+01
1.428291350018059802e+01
1.272839610899018226e+01
1.317731884291941924e+01
1.262974685676459785e+01
8.085613532133379522e+00
8.544725953164800103e+00
8.006810347862710842e+00
9.471507496971355522e+00
8.938378113131136615e+00
8.406888193907434470e+00
7.876414353084157938e+00
9.346249135563425625e+00
6.815606322103917591e+00
3.283606230972850426e+00
3.749301024374119606e+00
1.211710028449374477e+00
-3.301849236700036272e-01
2.122585884046770843e+00
5.722907150180844837e-01
4.021176606803408049e+00
1.347148487405507922e+01
2.292541661965947242e+01
2.738503823165416406e+01
2.685218684391048782e+01
2.832842573991769086e+01
2.581504968129627287e+01
1.931307014540959699e+01
1.782324045912389465e+01
1.634612081860410626e+01
1.188209318761039412e+01
9.431376068694419246e+00
9.994069143476110639e+00
8.570177779814514452e+00
5.159607404877135650e+00
5.762177744053929018e+00
7.377656926660506542e+00
9.005755460235036480e+00
8.646110075746037182e+00
8.298267446607610509e+00
6.961687785132994577e+00
7.635748320960885849e+00
6.319756666852072158e+00
5.012944078084160537e+00
5.714478612367770438e+00
6.423478197972883663e+00
4.139003618383185312e+00
3.860051422300387003e+00
3.585576768389955760e+00
5.314496214802602481e+00
4.045690463921630453e+00
2.777987073167821563e+00
4.510173143057556899e+00
5.241007994236269951e+00
-3.079415438207888656e-02
-3.065714939637018688e-01
1.412645417927592462e+00
5.128888672952712113e+00
1.484417623631816241e+01
2.156047478434345521e+01
2.327960255158598102e+01
2.700316216785523693e+01
2.473252346693527670e+01
2.146878625098833027e+01
1.821280299694171845e+01
1.396521149386035177e+01
1.472646740277900790e+01
1.149688673261732674e+01
8.276638227620878752e+00
6.065775663167926268e+00
7.864270048254240919e+00
9.672031734118718305e+00
9.488892429299653486e+00
1.131458712201811068e+01
1.114875591157044710e+01
1.199092575138217853e+01
1.084051210731956871e+01
9.696810535991403412e+00
8.559008188885570689e+00
1.042619524938413633e+01
9.297376310787399234e+00
7.171451704442915798e+00
4.047228787935125638e+00
3.923443204331420020e+00
4.798790124411254965e+00
4.671925484522091665e+00
4.541457233110008929e+00
2.405946599366188821e+00
2.263909397909287691e+00
5.113837383891961963e+00
4.954199673373011592e+00
1.783414244037203389e+00
-4.001504684277392698e-01
3.401856137523395773e+00
8.191782166615553251e+00
1.797194170501217059e+01
2.374456692105508182e+01
2.551171026366887418e+01
2.727518673610870792e+01
2.403655622452708940e+01
2.379710586320902621e+01
2.055788242087714934e+01
1.631969469519549421e+01
1.308314590500378927e+01
1.184867607219536012e+01
8.616594387204258965e+00
6.387091553703612590e+00
5.160272109422635367e+00
7.936176721174831528e+00
1.071479445305226363e+01
9.496035007379646231e+00
9.279700938536848298e+00
9.065499840553684407e+00
7.853046510450496953e+00
6.641865090249268633e+00
5.431401191506779469e+00
6.221034007128992016e+00
6.010088416009750745e+00
4.797827086702682209e+00
6.583452586877285739e+00
7.366119505932033462e+00
9.144916598739428082e+00
7.918858958976727536e+00
4.686870231154898647e+00
4.447794871195355881e+00
1.200430466317243372e+00
2.943530125790971397e+00
-3.241650454176578933e-01
1.396056622355672516e+00
8.106145207578947520e+00
1.480803682815388811e+01
2.150358654052990914e+01
2.519450132078793558e+01
2.688227310914351165e+01
2.656814190079893478e+01
2.425307886822531600e+01
1.993778950247440207e+01
1.662273676380937104e+01
1.130818423459805899e+01
8.994229269840502639e+00
7.680856142694267419e+00
9.367959184024130082e+00
1.005535591613363522e+01
8.742770181734272228e+00
8.429825269978380220e+00
9.116057042316128900e+00
6.800917061945028763e+00
8.483765731492098894e+00
7.163895444413526548e+00
5.840513756508244114e+00
7.512756584620547073e+00
8.179701440457108674e+00
5.840350708158666748e+00
4.493624974851400111e+00
5.138386424154305132e+00
5.773452303436329203e+00
5.397588476202258789e+00
4.009503071433528021e+00
1.607850242226504633e+00
1.191244046646602328e+00
-2.417175357432483906e-01
3.075515621793556420e-01
-1.599478342810698450e-01
1.356782024664312303e+00
7.860336767669195979e+00
1.735329845556657347e+01
2.483817054582181072e+01
2.731728296291595370e+01
2.679271724962438839e+01
2.526628177589259394e+01
2.373951698449354808e+01
1.821371065538210132e+01
1.268991317334331370e+01
1.216899278605569634e+01
1.265169084206615935e+01
9.138626999993789468e+00
7.630294401549122085e+00
9.127094802172791788e+00
1.162935365436123902e+01
1.113730513966299895e+01
1.265106714608975835e+01
1.317064618860183600e+01
1.069592227148820029e+01
9.226643692575862588e+00
9.762451790468901436e+00
7.302895637334529511e+00
6.847426680822081835e+00
6.395423339624471737e+00
5.946195558167687523e+00
6.498989326644050379e+00
5.052991173290251936e+00
4.607322636449566744e+00
4.161054724553480355e+00
2.713212372807163320e+00
1.262778905868572110e+00
-1.912894837280987304e-01
3.499507687622553931e-01
-1.126457899728166012e-01
4.217718872467344227e-01
2.955180179042656619e+00
1.048955124631771696e+01
2.002682769817295139e+01
2.656884724819684607e+01
2.811724734170047668e+01
2.567339973552236643e+01
2.423839501402750329e+01
2.281306702758331539e+01
1.639800724260692277e+01
1.399357899484482459e+01
1.159998163997119036e+01
1.321727459787024372e+01
1.284540128860970754e+01
1.048417295951122696e+01
9.133272403883211155e+00
8.792277573304431826e+00
1.046067508662918044e+01
1.413786363993602890e+01
1.382313732255227023e+01
1.551564884516909615e+01
1.221441268710424310e+01
9.918288171186645741e+00
8.626012476118489758e+00
1.133622359772004984e+01
1.204747327168661286e+01
1.075819987147758638e+01
8.466721295819638726e+00
7.171247861440349425e+00
4.869905217854466173e+00
4.560747302098093314e+00
8.241779352155049310e+00
4.910960998536040734e+00
2.566169453958423219e+00
2.205232821529364173e+00
8.259535426615798315e-01
-5.738879935603904414e-01
2.003480342412387927e+00
5.561563821184677181e+00
1.510384767855782684e+01
2.363376153469459950e+01
3.115458397128099932e+01
3.166935723238748324e+01
3.218081201624454479e+01
2.869136232751031912e+01
2.720310036272280740e+01
2.371783140479629992e+01
2.123708870564115614e+01
1.876216833885382584e+01
1.729415400714344742e+01
1.483394179153572168e+01
1.538225483151609296e+01
1.293966792715218617e+01
1.050660205596312835e+01
1.008334879878839274e+01
1.367009467044675830e+01
1.326692535226914060e+01
1.187378982463945931e+01
1.149050439868824469e+01
1.111676664764746647e+01
7.752159239705292748e+00
8.396153675383459358e+00
9.048143933611413559e+00
8.707440031781743528e+00
6.373261505847949593e+00
6.044740817363162932e+00
4.720946695265411108e+00
3.400887421084291873e+00
2.083524066882603165e+00
2.767783695848834213e+00
1.452572535930642061e+00
1.367691372386730109e-01
-1.807624758421297884e-01
4.988403533817518110e-01
1.762460987374652177e-01
-1.478817543513741839e-01
3.527118517077667548e+00
1.020338597471294406e+01
1.888302440905738422e+01
2.556803557675391403e+01
2.926023240420130378e+01
2.896117213744236096e+01
2.867211942019594062e+01
2.339404928445952692e+01
1.812765004103624733e+01
1.587337606023629633e+01
1.263150043586949778e+01
1.240213752798518954e+01
1.018527538162823021e+01
8.980778020468164868e+00
1.078840761542085147e+01
1.060783652962174983e+01
1.343862924213021870e+01
1.428024415364018296e+01
1.313200527855315158e+01
1.399309382882893260e+01
1.386255969637460339e+01
1.173931284215888127e+01
1.162212460155342342e+01
1.250964891680166602e+01
1.340042350890092848e+01
1.429286100235930235e+01
9.185240017449757488e+00
1.007569624583510404e+01
1.196227352677749423e+01
1.084291494257655586e+01
8.715443952796249505e+00
7.577575587851072214e+00
4.426937723716093842e+00
3.261082460610623457e+00
4.077517629376757213e+00
5.873718450032015426e+00
2.647119367417474223e+00
-6.049039108099805162e-01
2.114997851812574936e+00
5.810216881817154899e+00
1.548412425575730822e+01
2.114003294801773336e+01
2.878110109174053832e+01
3.141027541973824100e+01
3.103021485381242428e+01
2.564326421301041137e+01
2.325145801423110470e+01
2.185657434173140246e+01
1.746015876518782761e+01
1.606353828853326604e+01
1.466786531411298711e+01
1.427413160888949051e+01
1.388318226117223730e+01
1.449571961795453490e+01
1.311230719440698067e+01
1.573336354850391672e+01
1.435917611514764758e+01
1.398987499560490733e+01
1.462544669938091602e+01
1.326573783723074484e+01
1.391044876544259523e+01
1.155914718292615362e+01
9.211261684103135394e+00
6.866105271923288456e+00
7.522898836719548399e+00
8.180794607771872506e+00
5.838869585371980975e+00
6.496118961865363417e+00
8.151479540901277687e+00
4.803823164939274193e+00
6.451940161643335614e+00
2.094572820445932848e+00
1.730398911377847071e+00
3.580752587415076960e-01
1.976241382849934780e+00
-4.164667767362857376e-01
3.178566957129419279e+00
8.764119264693249534e+00
1.734293504053164270e+01
2.591767153802840085e+01
2.849081258121697147e+01
3.206458281741515748e+01
2.964092198581454340e+01
2.622144917977885825e+01
2.380748708345134901e+01
1.740009616648364954e+01
1.200009882365634439e+01
1.260814344878826887e+01
1.022475843470982682e+01
1.285034609281672147e+01
1.248520648692010582e+01
1.012951117737020468e+01
1.178330687245198760e+01
1.544653898533874781e+01
1.411903509613495089e+01
1.380046831955507969e+01
1.249037057996258682e+01
1.018813579703771666e+01
1.089303298675463338e+01
9.604229283729523559e+00
1.032078289224864420e+01
7.041655974305399468e+00
5.765707484064193977e+00
7.491725959129666990e+00
5.218442280031752034e+00
5.944512410040488248e+00
5.668540128003201062e+00
3.389069767643150044e+00
4.104588977282048745e+00
6.813551514543746634e+00
4.514370091162277276e+00
2.205389283356339547e+00
1.884908523643730405e+00
-4.487948093508293823e-01
2.202537813911931153e+00
1.084164838311693302e+01
1.947125686257101052e+01
2.709397480009715764e+01
2.771221903094959771e+01
2.632813545063447691e+01
2.494359283246740233e+01
2.156019666840956006e+01
2.017930301449359831e+01
1.580205232478550670e+01
1.542938326032094665e+01
1.306207646161209368e+01
9.700758275338387193e+00
1.034592442741467266e+01
1.099797363617307155e+01
9.657201160701333720e+00
8.323792280350517103e+00
9.997835702459838103e+00
1.067933689644485185e+01
1.136820135336427029e+01
8.064227770907564263e+00
6.767101164750613407e+00
8.476425908291162159e+00
1.119173870391512082e+01
6.912491489749356788e+00
7.638024286533379836e+00
7.367607990091869397e+00
6.100437116006446558e+00
6.835632503778811042e+00
6.572253988539273450e+00
4.309293049093014361e+00
5.045675441705043340e+00
3.780283829709958354e+00
1.511950419687934755e+00
2.239469615380357936e+00
-3.837929897599678952e-02
-3.228394338406701536e-01
3.852295095239242073e-01
1.088192995799488472e+00
4.788412637372459812e+00
1.548823916469945061e+01
2.118997542411040058e+01
2.389576937954359437e+01
2.860755709518252843e+01
2.932703567751661922e+01
2.405561615746444204e+01
1.979441629558743898e+01
1.654431329628516778e+01
1.330598641979452168e+01
1.307994948321896800e+01
1.286658324379789065e+01
1.166613765927570512e+01
1.047873402156449174e+01
6.304376961199864127e+00
6.142966321377173244e+00
7.994338901521928165e+00
1.085827007139619127e+01
1.073445525737292883e+01
8.622481303124345686e+00
9.521827707770000870e+00
1.143188774561633636e+01
1.335195947269255612e+01
1.028122662614998717e+01
1.021873942354505971e+01
9.163445270167869694e+00
8.114189383914322207e+00
6.069725348227166251e+00
5.028725604654994186e+00
4.989801897492725402e+00
6.951515683779007304e+00
2.912378522533742853e+00
4.870832457619883371e+00
5.825290409115268631e+00
3.774116588772926661e+00
2.715616955441760183e+00
1.648059726804603997e+00
-4.303140356252015408e-01
3.478720249068203429e+00
1.237768599901664857e+01
2.026907184514948312e+01
2.515524264153583545e+01
2.803836055152629569e+01
2.992033618604483536e+01
2.780279977240991229e+01
2.468708233457795131e+01
2.357423686850773947e+01
2.046506949933461783e+01
1.736015060982487057e+01
1.725984593204935891e+01
1.616434759657261111e+01
1.407367513549985460e+01
1.598768643746046791e+01
1.790609865433236791e+01
1.682846906112916940e+01
1.675417587187757817e+01
1.668242901591395366e+01
1.661227088081557213e+01
1.654257702986944878e+01
1.547205690365376540e+01
1.339925451697649805e+01
1.332255916407632412e+01
1.424022614664636421e+01
1.415037754078838361e+01
1.605099302034204811e+01
1.493991075537201141e+01
1.181480840601227555e+01
9.673214233289513686e+00
5.512538350146371613e+00
7.330094137382843655e+00
5.123139850415554974e+00
2.888860443719636351e+00
1.624389640371532550e+00
-6.731677251566452469e-01
2.993276937710788843e+00
1.262753716512372648e+01
2.023339656046277923e+01
2.481451245173695952e+01
2.737433983298944895e+01
2.991608555313882789e+01
2.744268271770522460e+01
2.295676527135344713e+01
2.046069273192102855e+01
1.995659504959280639e+01
1.444639756762626348e+01
1.293182606332823070e+01
1.141446185002996572e+01
1.089575692280237718e+01
1.037704913209768165e+01
9.859567370798743013e+00
1.034443676129683354e+01
1.083268383030934956e+01
9.325231660186091176e+00
9.822895006438386645e+00
9.326395372260890326e+00
7.836356031898276342e+00
8.353306995641560206e+00
7.877699910221167556e+00
8.409902889297313777e+00
7.950205269531238628e+00
8.498812288555200212e+00
9.055849681948700436e+00
6.621358197168433435e+00
3.195288023173986858e+00
2.777523135342789828e+00
1.367915556171851676e+00
9.662895329268508249e-01
1.572455633717709134e+00
1.186214763759153357e+00
-1.926478962903956926e-01
4.435640972079454514e+00
1.107277923986316637e+01
1.972042042164497389e+01
2.738010730421700600e+01
2.905318547016713637e+01
3.174072670101008953e+01
2.944351224640610099e+01
2.516200594874806029e+01
2.089637721530630188e+01
1.464654383329104803e+01
1.541221462614021220e+01
1.419295195185316061e+01
1.198816404628286136e+01
1.279711721576268246e+01
1.261895788498520687e+01
1.345270450747108271e+01
1.329724934716199414e+01
1.115135014095460519e+01
1.301363165325204818e+01
1.288260713495594700e+01
1.375665970065085730e+01
1.463404363885001658e+01
1.251287567146960100e+01
1.139112617998921451e+01
9.266640417131611684e+00
1.013714972435775508e+01
9.000292776724336363e+00
8.853606877790525687e+00
8.694539328187715910e+00
7.520448892478441394e+00
7.328607389831915953e+00
6.116211434928572999e+00
5.880384356374520394e+00
2.618188320661261059e+00
-6.733733095633738230e-01
4.002676646465261001e+00
3.650042368874323984e+00
9.272388011024474963e+00
1.787334122585264140e+01
2.645643694241556432e+01
3.002503135635765830e+01
3.058221609895343818e+01
2.913078255116391801e+01
2.567321627178847621e+01
2.321171151180112702e+01
2.174820579001294618e+01
1.928440450811956453e+01
1.782179558575865030e+01
1.636167409852237142e+01
1.390515690404691895e+01
1.345319724322723687e+01
1.100660930538913362e+01
1.256607274788564155e+01
1.513215716197714755e+01
1.270530647819623482e+01
1.228581330550372286e+01
1.287384319979565817e+01
1.246943885883513303e+01
1.307251424195317213e+01
1.268285861409196968e+01
1.330013051505113708e+01
1.092386165604403914e+01
1.055345074697834207e+01
7.188187259145081498e+00
7.827255129327681971e+00
8.469766412436683822e+00
6.114754890831250123e+00
5.761169649206465238e+00
4.407898624708650459e+00
2.053772142787124722e+00
-3.024235500952272560e-01
1.338077254802954030e+00
-2.293852251148109644e-02
6.163026571958880595e-01
4.257803488999513775e+00
1.090356050494722240e+01
2.155552765905167689e+01
2.721554986972012102e+01
2.888525650008324419e+01
2.956600475777293013e+01
2.525886299785577194e+01
2.196460391535089229e+01
1.968374761664722428e+01
1.841659456209458767e+01
1.516324837456636487e+01
1.392362851099028376e+01
1.069750279581040786e+01
8.484499817185678694e+00
9.284141188246735510e+00
1.209586367712574884e+01
1.191901121054286250e+01
1.575280675658120799e+01
1.559635409321157340e+01
1.244859947033751268e+01
9.308333174320978287e+00
6.174221005529318518e+00
8.044835680998232874e+00
7.918688175553370456e+00
7.794209015663170703e+00
6.669749540914381214e+00
4.543583148803236327e+00
6.413916539330216438e+00
5.278910976664008103e+00
4.136663585807866639e+00
4.985218702655117795e+00
3.822579296463231913e+00
2.646698484302191900e+00
3.455491157448705053e+00
1.246845740194430618e+00
3.018616101919405992e+00
1.768643643546170097e+00
-5.052604201640065185e-01
1.194697439113497239e+00
6.871358301300858784e+00
1.552755129934558909e+01
2.116603685261196688e+01
2.178942010495103432e+01
2.540009453984544052e+01
2.200023574657626568e+01
1.759176531347907257e+01
1.517638482653171650e+01
1.375561995405888638e+01
1.233084460053663634e+01
9.903295114241188912e+00
6.474084535003385099e+00
8.044226869702868044e+00
7.614671384374446461e+00
9.186286902783763253e+00
8.759866101982254349e+00
7.336109796152243234e+00
8.915631200814516433e+00
1.249897017039194225e+01
1.408657740299514671e+01
1.267877860703299575e+01
1.027575862513975835e+01
1.287757551216373031e+01
1.048418456536694521e+01
1.009541230625620756e+01
7.710980414492496493e+00
5.330509615613664209e+00
4.953543525353325094e+00
3.579572454348806332e+00
3.208037177802111728e+00
3.838342675190460795e+00
1.469861845619163887e+00
4.101929204766577186e+00
4.733864569692514124e+00
2.364946738164462658e+00
9.944071693043952109e-01
-3.785463272331526241e-01
3.245284114134278752e+00
1.086887803679871922e+01
1.949518253131088841e+01
2.712703599944080679e+01
3.076708189113321623e+01
2.941769238597237290e+01
2.608093199272366292e+01
2.175857104322892610e+01
1.845211906001009083e+01
1.416286797987856971e+01
1.289192521845484407e+01
1.464025656267904196e+01
1.340869888023928524e+01
1.119794263625817621e+01
1.100854420886946627e+01
1.084094799678069876e+01
1.269548831325744231e+01
1.157239106208493240e+01
1.147175519216546036e+01
1.139356392849049371e+01
1.033768577849934900e+01
9.303875313991966323e+00
9.291783729910207512e+00
8.300969182442770489e+00
7.330896909941088779e+00
4.380949141064604646e+00
6.450434795503610985e+00
8.538618983456615297e+00
5.644702310774164289e+00
6.767799997116526356e+00
5.906970815120871521e+00
5.061205859424603659e+00
2.229437154956769973e+00
4.105461145875324291e-01
6.033918568154490458e-01
-1.931706053221660113e-01
2.019707707293093790e+00
9.242805548126796111e+00
1.747688147356728905e+01
2.472260161194736838e+01
2.898045732278461628e+01
2.825069273958035865e+01
2.653326219126245178e+01
2.082783749983150301e+01
2.013382515466594214e+01
1.745042336676920058e+01
1.677662900889299635e+01
1.611126444955499437e+01
1.345298429098272663e+01
1.680028202275934746e+01
1.615151660462481686e+01
1.550487899349877807e+01
1.685839863113494630e+01
1.720994991049678902e+01
2.055723864056130878e+01
1.889779853080597150e+01
1.722895771832207856e+01
1.454785536221538678e+01
1.085145833201454479e+01
1.013658801869462422e+01
5.399957298647677817e+00
4.638177682385219214e+00
3.847806680845565097e+00
5.025355423190148940e+00
4.167296560513364057e+00
5.270052490355226382e+00
4.330003937290314298e+00
3.434789253682311028e-01
-6.932378214009986550e-01
2.161349862030874647e-01
7.480408323652909530e-02
-1.140259565944461428e-01
2.652848692375584960e+00
6.379770975118901788e+00
1.407105730812031652e+01
2.073096031015541030e+01
2.936359188942617493e+01
2.997285664453158915e+01
2.856236553815114121e+01
2.813542980439780195e+01
2.669507505372882861e+01
2.324404554230312669e+01
1.878481857552924339e+01
1.731963901835968045e+01
1.685056388756129309e+01
1.637947700351048752e+01
1.790809368094471665e+01
1.443796543983143010e+01
1.197046471920089061e+01
1.350681957842834890e+01
1.504813837224162398e+01
1.559539438717263238e+01
1.814941042836932183e+01
1.671085334703536773e+01
1.428020850027041888e+01
1.185779413664079129e+01
1.244378570262784933e+01
1.103824006677166381e+01
9.641089659755266439e+00
9.252156529861281342e+00
8.871166314475374293e+00
9.497752129418131517e+00
5.131458378846843971e+00
4.771734489397772450e+00
1.417978573122979924e+00
1.069541024729346645e+00
-2.742419408622254196e-01
2.385955195859082778e+00
1.052197631393653410e+00
5.726526702689739068e+00
1.541097322471904363e+01
2.210751074718643849e+01
2.881795871006420384e+01
3.154391547821705899e+01
3.028669123692282028e+01
2.904728073230415930e+01
2.482637584357104288e+01
2.062437797712630072e+01
1.744144027561429766e+01
1.527750963789947036e+01
1.813235854844356254e+01
1.300560671661185097e+01
1.189669252818396217e+01
1.080492431287223098e+01
9.729491433463749672e+00
1.066947520350242939e+01
1.162385964161779839e+01
1.059152207168676796e+01
1.057122357898981591e+01
1.056161933358634997e+01
9.561258793299884928e+00
9.568585799760455757e+00
1.058194858201039779e+01
1.159959968323369139e+01
1.061968582712836451e+01
9.640237741395594639e+00
9.659179956877949280e+00
6.674340602040501835e+00
6.683451213548778469e+00
7.684176584661713605e+00
5.674114674126371938e+00
4.650786598923559723e+00
6.611656734887219500e+00
2.554142949985475752e+00
-5.244030043809289054e-01
2.373345081758941433e+00
1.024995220439024024e+01
1.810795962604754550e+01
1.894980610974300816e+01
2.477774933889247677e+01
2.559385749885041150e+01
2.339995099747784479e+01
1.919759430406037382e+01
1.498811788837360837e+01
1.177266024425023261e+01
9.552209984344017357e+00
1.032763799470620825e+01
1.009971963928785499e+01
1.186912700565994783e+01
1.063643118419690836e+01
7.402084574002969930e+00
7.166433209870319843e+00
7.929749105745031557e+00
7.692232611240967799e+00
1.045400477848068022e+01
8.215109737260945622e+00
6.975487077330512875e+00
5.734994237340515610e+00
7.493418901071436267e+00
6.250491402361262772e+00
8.005867140859379560e+00
5.759139011300874245e+00
8.509819849749419518e+00
9.257364900878314984e+00
5.001144311162306622e+00
3.740435653426970930e+00
2.474466489054691465e+00
2.202426975071205106e+00
-7.651747616267812191e-02
1.636776523444211762e+00
1.342216771569667344e+00
1.039694698126481853e+00
-2.709116891407461480e-01
2.410265220566202515e+00
7.085799445819702669e+00
1.875824090254002385e+01
2.643006864865219541e+01
2.910357415967234829e+01
2.678078461043025982e+01
2.446343614001386868e+01
2.115299707966516962e+01
1.785069112626433707e+01
1.155753044672076157e+01
1.027434870103252251e+01
1.100186397389302329e+01
1.174069160650856247e+01
8.491336921445395092e+00
9.254187834353615472e+00
1.102954734751369870e+01
8.817625921327589822e+00
9.618523720723487713e+00
1.143225273437076339e+01
1.025872876570156222e+01
8.097753295620123026e+00
6.949025217743269422e+00
7.812162448155049788e+00
5.686713412687709024e+00
5.572148415548554112e+00
3.467880893810615817e+00
6.373268563063106740e+00
8.287634460085655519e+00
7.210237888972415021e+00
6.140255277472761009e+00
7.076790950957160931e+00
6.018887832243080993e+00
9.655180762381405657e-01
-8.440635102829219250e-02
-1.319831387074827944e-01
8.225332434957408623e-01
5.780206837432729117e+00
9.742093459622083174e+00
1.470919112451417732e+01
1.868240042562433700e+01
2.266247486455654325e+01
2.264998111891122790e+01
2.064525924153997494e+01
1.364842278548371723e+01
8.659378851190695059e+00
6.677898054881097778e+00
3.703664418986363671e+00
3.736295186957249825e+00
4.775370565600496775e+00
1.820433398771228894e+00
2.870978776618358097e+00
3.926483584956940831e+00
8.986395999813794333e+00
7.050124932379617348e+00
6.116989429885279606e+00
6.186238038312012577e+00
6.257058133746227213e+00
5.328575229894340737e+00
8.399852269880966560e+00
1.046989891107864423e+01
8.537640812336348972e+00
6.601898933514235068e+00
6.661408858064078231e+00
5.714840150448594613e+00
3.760795761041777041e+00
5.797821491816080197e+00
5.824425536785838631e+00
1.839058111750205171e+00
-1.598888117473507009e-01
1.825958347255436820e+00
1.796570458950100146e+00
-2.480998660554405433e-01
7.691882017142120276e+00
1.861892927110773144e+01
2.353537813958610059e+01
2.344337867702915901e+01
2.234484558410724730e+01
1.924145912770393352e+01
1.813467612624685898e+01
1.602576098357235423e+01
1.291579675675507133e+01
1.280570624526012580e+01
1.269628309058475679e+01
8.588192877164260608e+00
6.481974226602687850e+00
6.378079878575363182e+00
9.276897753014964110e+00
7.178751989055399463e+00
7.083873956853267373e+00
5.992423239045251648e+00
4.904488579527992442e+00
5.820098797966011261e+00
5.739233669137774996e+00
5.661814766833231261e+00
5.587706272505897687e+00
4.516715749461127416e+00
4.448594883941495937e+00
2.383050195032183183e+00
2.319743715869435619e+00
5.258313649087313024e+00
1.198374999883071723e+00
3.139490190317246743e+00
6.081209658700117870e+00
6.023052448440466833e+00
2.964476790850085308e+00
-9.511931328347600356e-02
-1.563675079406721125e-01
7.810508048380597756e-01
2.719016334416551217e+00
8.659401979650510839e+00
1.660405344923242410e+01
2.255472985783421791e+01
2.351302427959342367e+01
2.348030424134879013e+01
2.245770213969603901e+01
1.844611556818881581e+01
1.644621754335889818e+01
1.245849662058242302e+01
1.048327689305983768e+01
1.052075786902526033e+01
1.157103422394413883e+01
9.634095425702525972e+00
1.070981523184445905e+01
1.379797105895943332e+01
1.389823322548431861e+01
1.201013407014534096e+01
1.213306694933612562e+01
1.326630511810981261e+01
1.340900050084962913e+01
1.156017235888737105e+01
1.271870586354964416e+01
1.188337058443926253e+01
1.005280890410051597e+01
1.022554437137193872e+01
1.140000000700297278e+01
7.574496576299338813e+00
7.747240844566817941e+00
4.916363832145407287e+00
5.079919086966469877e+00
7.235910993322931972e+00
8.382293136317002791e+00
4.516946741940842003e+00
1.637669213255549039e+00
-2.577872161459708877e-01
-1.716866893626729507e-01
4.896281944795873642e+00
1.094814498754692522e+01
1.598587977728834630e+01
2.201135417096816127e+01
2.602627616673726152e+01
2.003213364920441109e+01
1.603015424021646140e+01
1.402136524028378517e+01
1.000663364837453173e+01
8.986686249804279214e+00
5.962149763551678916e+00
3.933561041733241836e+00
2.901397314967198326e+00
4.866096478261169977e+00
3.828067412649261314e+00
2.787670338200769038e+00
3.745227194310928098e+00
4.701032043671375504e+00
4.655341496701566939e+00
2.608365153500699307e+00
3.560266060752383055e+00
4.511181181488609582e+00
6.461211876080824368e+00
8.410414393089013174e+00
7.358780368954171536e+00
4.306217335973542504e+00
4.252559238640515105e+00
5.197596959275415429e+00
6.141078854605325432e+00
6.082701305387786306e+00
4.022099281591977160e+00
2.958846926174260261e+00
4.892478161097642442e+00
1.822497319856211107e+00
-2.516401888374275586e-01
2.669502818756313900e+00
3.587877411863360066e+00
4.505407964681580779e+00
9.423982972634576072e+00
1.634544587706636776e+01
2.127154587949121378e+01
2.220386872696428782e+01
2.514378745108206203e+01
2.009245304475325611e+01
1.705076506301190875e+01
1.501942213636129964e+01
1.199895238765429895e+01
8.989733745521903074e+00
6.992024149071085048e+00
7.005991640071556503e+00
5.031734340051229992e+00
4.069280310621593344e+00
5.118607296050527111e+00
7.179652347802402801e+00
8.252301331268768081e+00
8.336368315317599809e+00
9.431584845803513417e+00
8.537599104897708457e+00
5.653964958922756523e+00
5.780150898209512889e+00
2.915568873439724484e+00
4.059573033786023188e+00
4.211488372731878371e+00
4.370599288030007301e+00
3.536148062549273163e+00
3.707333273165431820e+00
4.883318135273839289e+00
2.063228790937046142e+00
3.246142549036107994e+00
4.311160861643656972e-01
2.617173617489470416e+00
-1.966649529817914299e-01
2.988594107020844604e+00
5.173909212648027278e+00
9.360208893109188466e+00
1.654836993852131855e+01
2.073917553691217108e+01
2.193324339261039313e+01
2.113098381818872440e+01
1.933258779378616055e+01
1.353803498970296459e+01
1.174711175036168243e+01
6.959469039834402793e+00
2.174640351075595390e+00
1.392089582348944532e+00
3.611258885514416761e+00
5.831576491535997775e+00
7.052434518788743389e+00
8.273166769882209337e+00
7.493036523080888855e+00
6.711224324981344580e+00
3.926835791814710319e+00
7.138909427569160471e+00
6.346444467874448492e+00
5.548368759266224970e+00
2.743546683834949818e+00
4.930787139983408451e+00
3.108871590647083849e+00
3.276532190889611229e+00
2.432470007058441297e+00
2.575353340179219686e+00
4.703826166577528056e+00
-1.834932909545159418e-01
-8.803384788654966542e-02
-9.391221711609887279e-03
1.053718328218053557e+00
2.102672360855365241e+00
5.138837897969835922e+00
5.163560934606834962e+00
9.178136077433123319e+00
1.318380629750544131e+01
1.718172278452038881e+01
1.917290489011122645e+01
1.615820014868313592e+01
1.313826436559259037e+01
1.011359176419398409e+01
9.084545185198408035e+00
9.051386333399477735e+00
7.014286068138744668e+00
2.973324734894049470e+00
4.928512536282482870e+00
4.879829941673733629e+00
5.827208135311650494e+00
4.770529503141062833e+00
6.709618159025296791e+00
8.644250511532732162e+00
6.574135873050352075e+00
8.498897113459861430e+00
5.418091361284211871e+00
2.331190756075159243e+00
2.237613256470865508e+00
3.136753509202094392e+00
2.027983784866592032e+00
-8.935501347292529317e-02
1.784057737407920285e+00
3.648435317318046600e+00
3.503973165488787345e+00
3.350830236798060469e+00
1.189130446392027807e+00
1.896420111455654478e-02
-1.595899834953797836e-01
1.653546218459268857e+00
4.600454368103328306e-01
2.261563765927689929e+00
4.059752699727027903e+00
1.285624111648621692e+01
1.565261729695612303e+01
2.045034095947630703e+01
2.125071529621322952e+01
1.705483899592354646e+01
1.486359824021155873e+01
1.067770866229136573e+01
1.149773725939451197e+01
9.324144251665529737e+00
7.157274881876674044e+00
7.997381151357558338e+00
8.844643488689030164e+00
8.699162348639902120e+00
4.560949739544298609e+00
5.429930678112327769e+00
6.305984571556791707e+00
4.188936527783653219e+00
7.078548594853032228e+00
7.974540931459273452e+00
5.876562910810889662e+00
3.784184160706672628e+00
4.696915543316208641e+00
5.614230078967807458e+00
2.535553818833932382e+00
3.460256671786510196e+00
4.387683191159339913e+00
5.317143327719122681e+00
4.247903155400763353e+00
1.179175576706029460e+00
2.110131015104684593e+00
2.039928102310796021e+00
1.967704368728391273e+00
1.892576945480527684e+00
1.813643286646538400e+00
-2.700180794639663873e-01
2.640653239025709809e+00
9.547415114606451425e+00
1.445199901323667291e+01
1.935604092672360821e+01
2.226103232688365097e+01
2.316827112512419262e+01
2.007883262252971690e+01
1.899356043747320655e+01
1.591309740000156125e+01
1.383789640455688641e+01
1.076825121460763057e+01
1.170431721465763530e+01
1.164614210669867589e+01
9.593656549550132695e+00
8.546674740610228582e+00
8.504914940711842064e+00
9.468009943940160156e+00
9.435507495230808672e+00
1.040686065941986271e+01
1.038142814626837662e+01
1.035846459693004817e+01
9.337120838277314760e+00
9.316444112536373723e+00
1.029538829072498629e+01
1.127281407941995894e+01
1.024747923131496918e+01
8.218028770962860108e+00
9.183005248124118225e+00
1.014086903227132552e+01
9.089988662824566745e+00
6.028631270513869822e+00
6.954973086182462794e+00
5.867130054360927716e+00
5.763148569848453917e+00
4.641016356143381927e+00
-5.013364947415084316e-01
3.333973699042644512e+00
5.149838970927248738e+00
1.294911801460648348e+01
2.073461802538463417e+01
2.850901670738585381e+01
3.227478441855373603e+01
2.803410642666392505e+01
2.678884525164812658e+01
2.354058307237369263e+01
2.029063417925510748e+01
1.604007745687624720e+01
1.378978888347842258e+01
1.454048403652836896e+01
1.429274059560384558e+01
1.204699083544187488e+01
9.803524103373888465e+00
1.156250927682242491e+01
1.232401719796939688e+01
1.308800308390345890e+01
1.285429891154126381e+01
1.362260577776805803e+01
1.239249623648015586e+01
1.016340661551544144e+01
1.093464931774940396e+01
9.705435111991164376e+00
8.474865420556511708e+00
8.241944611409962818e+00
7.005592303862158587e+00
5.764645697777041278e+00
5.517871937095833346e+00
6.263980519302549510e+00
5.001625763162110161e+00
-2.706006523659425511e-01
2.445842935419818787e+00
3.152201489737990414e+00
8.496955153775616054e-01
1.539513995112315570e+00
2.228374147605336475e-01
-9.916913500001101056e-02
6.574657208134112807e+00
1.424647000612515058e+01
1.891835707436337088e+01
2.259226376353865362e+01
2.726994624076996843e+01
2.695293475053813381e+01
2.564248683786206584e+01
2.233959051841281962e+01
1.804497738299323828e+01
1.575915562650095580e+01
1.348245299405925834e+01
1.221503963923510128e+01
1.095695089106573050e+01
1.070809992819101808e+01
7.468290359742127293e+00
9.237218713850438689e+00
1.201450683574387313e+01
1.079968419846318284e+01
1.059216012998103906e+01
1.139123596142815131e+01
1.119610710233359896e+01
1.000585504986656815e+01
8.819449340125061099e+00
5.635759450656792069e+00
7.453566664516074525e+00
8.271595907163145966e+00
7.088497568391971981e+00
6.902839322037152670e+00
5.713117956957603383e+00
3.517761233618898586e+00
3.315139781306697842e+00
5.103589051694370937e+00
1.881411345057472317e+00
-3.531420742191357931e-01
3.981612441356219279e-01
1.370816397144380971e-01
3.865375470497269816e+00
9.584797723647398016e+00
1.629706473257328980e+01
2.100379698270603512e+01
2.270645198882948534e+01
2.340627722775820985e+01
2.010429311178643275e+01
1.780128599043723625e+01
1.349784117030208108e+01
1.319436594511239491e+01
1.189113263018793987e+01
9.588281597188711203e+00
1.028583430644812324e+01
8.983716335483563853e+00
6.681750403469095545e+00
9.379669392415394213e+00
1.307713936682898748e+01
1.177373259452213006e+01
1.146889057191333450e+01
1.216193705809496350e+01
1.285208112325312868e+01
1.253841021820358037e+01
1.121988327295014187e+01
1.089533383339471584e+01
1.156348324660598337e+01
1.022294390631441274e+01
8.872212571417890103e+00
9.509683771375080141e+00
9.133663313518809446e+00
5.742361908343923460e+00
3.333898929712290737e+00
2.906336327866711144e+00
3.457702714060587823e+00
2.985997636184038129e+00
-5.108139348999429785e-01
-3.479688830475424766e-02
2.417086918065933787e+00
9.848223247222676946e+00
1.526197369130704828e+01
2.466160136022790539e+01
3.105021674415741018e+01
3.243068371725348698e+01
3.080555565150677921e+01
2.817706161207024707e+01
2.754712260854023498e+01
2.391737787989700337e+01
2.028919119389456682e+01
2.066368714450800326e+01
1.704178743380055039e+01
1.442420712696332430e+01
1.381149087131336728e+01
1.320403907209606587e+01
1.260211401964807010e+01
1.300584596391536252e+01
1.541523913370338050e+01
1.683016769935738921e+01
1.925035167883140730e+01
1.567534278840207662e+01
1.510450024082911114e+01
1.353702649544425185e+01
1.397197296657691368e+01
1.540825569829189590e+01
1.384465101492355643e+01
1.027978115824976157e+01
5.712129923538213916e+00
5.140078308244937944e+00
7.561950188526907368e+00
5.976018039757946099e+00
5.380478717809864975e+00
5.773469318374282011e+00
3.153073132355416419e+00
-4.826842840361678100e-01
2.864191094678403715e+00
9.196515309975779928e+00
1.351707576142166545e+01
2.182856788342837717e+01
2.613355193965037415e+01
2.843436990806310405e+01
3.073310243112223361e+01
2.603154580758393877e+01
2.233118900518002192e+01
1.863326067618402249e+01
1.493876616097918486e+01
1.224852446734212208e+01
1.556320521538680168e+01
1.188335553998251726e+01
8.209366943946406536e+00
9.541512096539804588e+00
1.087998157335482574e+01
1.122487053486247532e+01
1.257616534171813782e+01
1.293374010587149314e+01
1.329734317761869988e+01
1.166659356985439899e+01
1.204097732204172644e+01
1.141986380770777032e+01
1.380250199060662908e+01
1.218802663585370283e+01
9.575434483544540853e+00
7.963600393508386333e+00
8.351303471229357456e+00
6.737243186187356514e+00
4.120035494828016454e+00
2.498228981164629658e+00
1.870331028855844124e+00
2.234824039269824425e+00
2.590171710464119315e+00
1.934815392256041378e+00
2.671705327452400525e-01
-4.143667681229317168e-01
6.888596917891391058e+00
1.817859454304220890e+01
2.445809017361432325e+01
2.872936608994734797e+01
2.699445999147883413e+01
2.425512228398486059e+01
2.151283342864257975e+01
1.776883133540536619e+01
1.202413878589231899e+01
9.279600873408980988e+00
7.535942449873118676e+00
8.793795571193413707e+00
7.053716933853593218e+00
7.316175296381629778e+00
8.581568880135478139e+00
9.850222744720213086e+00
1.112237613405193315e+01
1.039816978981934881e+01
1.067763322994915143e+01
7.960691990670170526e+00
8.247164831878535551e+00
8.536790906550550062e+00
5.829226896014688464e+00
5.124044113690160884e+00
7.420755580727131928e+00
5.718823077834940705e+00
5.017634178167213577e+00
7.316519266646992037e+00
6.614758551855402402e+00
3.911559077180186250e+00
3.206061738423386487e+00
3.497368315795483795e+00
4.784548528889786212e+00
3.066637123615578275e+00
3.426210003974574647e-01
-3.885436067114369507e-01
4.872096110132360991e+00
1.512737450940312556e+01
2.038007722861402726e+01
2.763283863153276343e+01
2.988808928115395247e+01
2.814798341208586407e+01
2.341437637804335736e+01
1.968884205290726186e+01
1.697272016679448825e+01
1.226715356140130098e+01
1.057311535122255464e+01
1.189145597921674380e+01
1.022292015718926450e+01
1.056813368238590556e+01
9.927620122850157713e+00
1.230179736528839385e+01
1.369098402020631511e+01
1.209537568013547570e+01
8.515031027767236083e+00
7.949887792035951861e+00
6.399798551565481830e+00
6.864536386101804055e+00
6.343810377405020517e+00
9.837260961871379550e+00
6.344465137793122267e+00
2.864901530852648648e+00
2.397985322080899095e+00
1.943103043492783399e+00
1.499617247249830143e+00
1.066871054483158332e+00
1.644192590150851174e+00
2.308993105006038604e-01
-1.737077701459384116e-01
1.429670053539780383e+00
1.042066827510552685e+00
6.664502301018956132e+00
1.329798580264900920e+01
1.894346001596170481e+01
2.460173464465970028e+01
2.527342995784533741e+01
2.395892020727433191e+01
2.065832691040236568e+01
1.837153199548197335e+01
1.509821080749679822e+01
1.283785497611006576e+01
8.589805148877189822e+00
9.353273594802999469e+00
7.127386684840985254e+00
7.911177257208578339e+00
6.703606876256344549e+00
8.503557994561788291e+00
1.030984602863384225e+01
1.112120135940119781e+01
9.936251269332615266e+00
9.753511828882437840e+00
8.571399745992493990e+00
7.388234193485686774e+00
6.202248630187568779e+00
5.011602632581343642e+00
3.814393754663569780e+00
6.608669434404987442e+00
5.392438965838209697e+00
4.163645556300821227e+00
3.920178488740702960e+00
3.659885409649518806e+00
5.380574763733875443e+00
4.080018396846412543e+00
1.755934349092285629e+00
-5.940001396079424012e-01
2.787461132288626686e-02
6.625152343856825610e+00
1.620142652121921856e+01
2.376022435511140429e+01
3.130491104296936555e+01
3.083861417998559773e+01
3.136414831224078625e+01
2.888401959967325183e+01
2.340042056073775711e+01
1.891525487369312941e+01
1.743019221259248752e+01
1.294671309894010847e+01
1.146612375231757142e+01
1.198960092517518206e+01
1.151820670872564278e+01
1.005288329817244630e+01
1.259445770665206510e+01
1.414365641846802646e+01
1.170107997334662286e+01
1.126718747445045210e+01
1.184232101414249883e+01
1.142671001291091670e+01
8.020465468033535217e+00
7.623584109687499222e+00
6.235982463395885134e+00
4.857500818840435386e+00
4.487917105878182156e+00
4.126960679357580375e+00
2.774316014955729770e+00
4.429626318743203228e+00
2.092507053630015434e+00
2.762529386263622655e+00
4.392435582196867472e-01
1.221721857801867372e-01
-1.891665072082560073e-01
5.047444813785659790e-01
2.205311927072216349e+00
4.913937557959570768e+00
1.263200104900806764e+01
2.036083293580941245e+01
2.610163743394468838e+01
2.785541515066540796e+01
2.662290567684840425e+01
2.340457004921847783e+01
1.920060307544417810e+01
1.501096551749355967e+01
1.383542613130350674e+01
1.167360356315589343e+01
9.524978105070658785e+00
9.388913313032276164e+00
8.264677493243425488e+00
7.151445062773859718e+00
6.048307791918318799e+00
1.095428593651990923e+01
9.868339269343891829e+00
9.789318020295695533e+00
1.071597373588792834e+01
7.646960069452461539e+00
6.580823514583812539e+00
5.516034095276268090e+00
3.450996027288397272e+00
8.384058366037379528e+00
6.313535656980434396e+00
7.237658604991338507e+00
9.154594779586886943e+00
7.062439373698225609e+00
5.959196034308320122e+00
2.842797784006052098e+00
-2.888819465800906983e-01
5.620018451998021192e-01
3.961800926421119584e-01
2.143781090245511223e-01
1.731724582373317389e-02
-1.942832892649448695e-01
4.580295538281689005e+00
1.234371365304696155e+01
2.009858517665884392e+01
2.884740079360915388e+01
3.259245020253774783e+01
2.933573462807623855e+01
2.407892937035398973e+01
1.882341637215381525e+01
1.757033678696416246e+01
1.532064353410942203e+01
1.407511382954589862e+01
8.834371682794653680e+00
8.598900352238615596e+00
8.369094752544015137e+00
1.314526380937331851e+01
8.927632757441870126e+00
1.171629537882597560e+01
1.151125617927368694e+01
1.231240250157998162e+01
1.111950657597753889e+01
8.932217508674398232e+00
7.750073210812615798e+00
6.572522271359048318e+00
8.398935778548661801e+00
7.228619095393469252e+00
7.060793595547238510e+00
7.894608366472880334e+00
6.729141887696982849e+00
4.563393692662202739e+00
5.396296023392210373e+00
5.226735487973201089e+00
5.053544731531133039e+00
8.755041318368057546e-01
-3.086564687858981415e-01
4.997840169452274495e-01
3.026301544362013374e-01
5.101681511252536438e+00
1.489873462865773490e+01
2.169553503110012116e+01
2.549367925568139981e+01
2.829454688415239616e+01
2.709926256147196000e+01
2.090866798712943364e+01
1.672333386798834454e+01
1.454362182423221839e+01
1.136972624270492815e+01
8.201696074032497563e+00
6.039466571577577270e+00
6.882890971742426700e+00
9.731762116263553253e+00
1.058580401796734805e+01
8.444643372059090325e+00
1.130780101570394436e+01
1.217471333963271718e+01
1.304470365656572994e+01
1.091697353208996901e+01
1.179059408475563941e+01
1.166452726337740842e+01
8.537617110829160083e+00
7.408591024712450235e+00
1.127609102645760686e+01
8.138685051584957364e+00
6.994828274704332216e+00
4.842894483574923470e+00
4.681187517672469767e+00
5.507962787527503679e+00
4.321428891795335403e+00
2.119739349503333870e+00
-9.899553461059440451e-02
-3.366866532021504099e-01
1.405744066463284980e+00
6.130738196786523986e+00
1.184072325272734361e+01
1.553806544186318206e+01
2.322501256453938367e+01
2.490365704044666018e+01
2.357585903915014569e+01
2.224322969364447999e+01
1.790714437833412376e+01
1.456875603532603236e+01
1.322903853528328000e+01
1.088882006130847913e+01
1.054879650611860598e+01
9.209554874229979760e+00
9.871576682193335728e+00
9.535251351010856524e+00
6.200869585917871518e+00
8.868626739636397360e+00
1.153865615619201890e+01
9.211002493342789421e+00
7.885595022284860534e+00
4.562270904190086185e+00
7.240788444279360192e+00
8.920860325064495555e+00
8.602126821172646487e+00
7.284138998627213368e+00
5.966361902182370613e+00
4.648187735201872783e+00
5.328949037430561475e+00
5.007931866735589210e+00
3.684368991493897738e+00
2.357443100763475741e+00
2.026300039912712236e+00
1.690062079878316581e+00
2.347831228596760411e+00
2.998692593383225358e+00
-3.582921967592938017e-01
2.759085002451229229e-01
6.903905665519005197e+00
1.952830752109935020e+01
2.815165324996632989e+01
2.977628675202493014e+01
2.940427041064697278e+01
2.703736884633678983e+01
2.667705263689413187e+01
2.032452198642977237e+01
1.798071032852772078e+01
1.564634785155146801e+01
1.132198493676173712e+01
1.200801550194023548e+01
1.270472024501953001e+01
1.141225978377724459e+01
1.213066768878843504e+01
1.285986340803015082e+01
1.259964508280222617e+01
1.434968225577051726e+01
1.410951847315027408e+01
1.187855378433346232e+01
9.656047143527644039e+00
8.441138719401692470e+00
8.232872120153388096e+00
8.030206542592964070e+00
8.832018854809120967e+00
6.637105622824947204e+00
6.444175092475120437e+00
7.251869138538154402e+00
6.058765194041370705e+00
4.863368173320736787e+00
3.664122403060332545e+00
4.459423576261883682e+00
2.247630744702860284e+00
3.027058365925313410e+00
7.959984211636310647e-01
-4.472873789312643567e-01
2.954547163071765681e-01
2.026946858461428747e+00
6.749908244566540816e+00
1.646703780218945212e+01
2.218096695981444100e+01
2.889416247554754591e+01
2.960886929782475363e+01
2.732704343345710640e+01
2.305034480056258417e+01
2.078016004682467610e+01
1.351764531647859258e+01
1.126374895215940342e+01
1.401928412004838265e+01
1.278495134883769424e+01
1.156131097437844346e+01
1.134879548300818897e+01
1.114772174795450610e+01
1.195829315449009300e+01
1.078060161066969158e+01
1.161461944161681004e+01
1.246021116643828464e+01
1.331712515804633767e+01
1.218498518724095447e+01
1.006328185357062921e+01
1.095138390673105278e+01
1.084855946359948575e+01
1.175396712721408221e+01
7.666657015017904087e+00
6.585561704783003734e+00
5.509537107710684722e+00
7.437373279385155911e+00
6.367805180019786349e+00
4.299493396094817399e+00
3.231034836038361391e+00
3.160983413344638393e+00
2.087860731158343697e+00
3.010156782790318175e+00
2.926340682944328364e+00
1.834851444755599914e+00
7.340988179524856605e-01
-3.775257962515752297e-01
1.498361662368324687e+00
1.136391673674154390e+01
2.122127998618066158e+01
2.707247833083135902e+01
2.691932647803923828e+01
2.876336841036606984e+01
2.460587891710804342e+01
2.244784515387732426e+01
1.729000821749639272e+01
1.613288472633576021e+01
1.297681839868323550e+01
7.821991623978988173e+00
4.668457023478822521e+00
5.516188998522238762e+00
6.365115265878557693e+00
7.215108380426727308e+00
4.065977245893009240e+00
8.917458614919269166e+00
9.769248580375119673e+00
8.620954060544136155e+00
1.047208428122348778e+01
8.322062258669802759e+00
8.170206288297549690e+00
6.015751444898455702e+00
7.857851101200708399e+00
7.695598472418623714e+00
5.528008195254983548e+00
6.354017950427760297e+00
6.172510138572533833e+00
2.982303620144875822e+00
3.782155530498812368e+00
1.570793181952240047e+00
1.346906065267148733e+00
2.109167963273762325e+00
8.562391897415864150e-01
-4.132410332401832420e-01
1.299357954026049811e+00
3.996795089160059433e+00
1.068181631620223015e+01
1.835712761124250392e+01
2.602532813220773278e+01
2.768883346574807547e+01
2.834979894523246458e+01
3.001010301569453986e+01
2.367134062417790119e+01
1.733480661669602796e+01
1.400155912585591977e+01
8.672482936198321113e+00
8.348322816671952751e+00
7.029736811396219309e+00
3.717299481261761684e+00
5.411515089791237187e+00
8.112850727512523008e+00
1.082171936980216742e+01
1.053845286352930088e+01
1.026327483836905685e+01
1.099630353946781725e+01
8.737554579223683504e+00
5.486933606998832147e+00
7.244258896609835574e+00
9.009293852536757186e+00
7.781729436670275390e+00
6.561166517962988110e+00
8.347128148072442855e+00
8.139071766991492041e+00
6.936371343431119385e+00
4.738319455384498724e+00
3.544139317131566713e+00
3.353006759757704458e+00
1.640621729548001895e-01
9.764124163475571549e-01
-2.108372910618072638e-01
1.601408505604354104e+00
4.414351525761730954e+00
8.229177474740595244e+00
1.504702791435556719e+01
1.886896211464704720e+01
2.369588887537599931e+01
2.152852830668257411e+01
1.736736355981793167e+01
1.521266250075007065e+01
1.206451932181084885e+01
8.922876088707084818e+00
7.787554221953087108e+00
4.658285913301824621e+00
4.534725478964219292e+00
7.416480652292193554e+00
7.303113819382815564e+00
9.194113201526533885e+00
7.088893988875497598e+00
5.986779430450269501e+00
6.887021886331012865e+00
4.788813848803897599e+00
3.691278939936410097e+00
3.593492893657412424e+00
2.494494531106397517e+00
1.393286738493770827e+00
3.288847457084557391e+00
3.180140695275326834e+00
3.066097572988837783e+00
2.945617408741100007e+00
3.817568860071901327e+00
6.807911283474368247e-01
5.340852392442911878e-01
2.376245410528099455e+00
1.206060519112043039e+00
2.229567945551025332e-02
2.823703945412376015e+00
-3.909618521207676167e-01
1.377022880713639097e+00
1.413028844667564954e+01
2.187145137829656960e+01
2.660298690522267862e+01
2.832715154258653456e+01
2.704593577565128726e+01
2.276104681816457287e+01
1.947392142451553809e+01
1.818576873862514276e+01
1.589760316519948447e+01
1.561025725125705321e+01
1.532440456778465432e+01
1.404056258319656081e+01
1.275909552186089968e+01
1.348022720251992723e+01
1.220405385296055556e+01
1.093053689869771006e+01
1.065951572470748943e+01
1.139072041059648654e+01
1.012377444081437261e+01
6.858187392606055255e+00
4.593367605472394644e+00
6.328654837040062375e+00
6.063342911260178880e+00
4.796662365534643868e+00
6.527783103836782175e+00
7.255827063515425834e+00
2.979850904088721109e+00
1.698838726803728605e+00
1.411744834398859894e+00
2.117506541225566252e+00
-1.849529558130598161e-01
5.032683651207889852e-01
1.182920205893992716e+00
-1.452527643103849186e-01
2.519482294488739171e+00
9.179309297388044797e+00
1.683638696466107376e+01
2.249278222348812051e+01
2.715039363717994547e+01
2.681089484122503563e+01
2.247568796717519035e+01
1.914590703763337842e+01
1.682246131832243918e+01
1.250606861589494656e+01
9.197278512390198557e+00
9.896515529160524238e+00
9.604112214773067535e+00
1.132030215263898754e+01
8.045222885047223826e+00
5.778898751264819111e+00
7.521273638329944333e+00
8.272233644292782628e+00
1.103158965446732509e+01
1.079906983183036573e+01
7.574292023462248835e+00
5.356766085745789496e+00
4.145926132142676579e+00
5.941152708454410458e+00
7.741784901221194559e+00
5.547102385455673357e+00
3.356307418321193836e+00
1.168546785957460088e+00
3.982933711429609502e+00
3.798569732334158289e+00
3.614516556930652769e+00
1.429797907780994137e+00
2.434013622824977574e-01
2.054300199852264086e+00
2.861465265894480581e+00
-3.361531371896262499e-01
4.603666783486914937e-01
5.253304570098407567e+00
1.404493579198185671e+01
2.083748306487518676e+01
2.563302866029607685e+01
2.843344647493120192e+01
2.924035407518067586e+01
2.605508469297978991e+01
2.187867915672313757e+01
1.871191774395924767e+01
1.555536194544470163e+01
1.640938613275841362e+01
1.427420912386014606e+01
1.214988564284794847e+01
1.103632767172825879e+01
9.933325693650886024e+00
1.284055982848849453e+01
1.275761086285615420e+01
1.268393117777054613e+01
1.261884557813982610e+01
1.256155202956006178e+01
1.251112230917112811e+01
1.446650257859300837e+01
1.442651388822207537e+01
1.138983262342890157e+01
1.035499090444466219e+01
9.320406953174710907e+00
9.284395441615174605e+00
9.245177837692608591e+00
8.200882765378878503e+00
8.149546396867435760e+00
8.089122895523814805e+00
6.017484929249803827e+00
4.932424274717845947e+00
3.831672533751429910e+00
2.712911983930780480e+00
5.737865861112823040e-01
-5.880868279718924896e-01
3.224902835550892632e+00
1.001624165796056332e+01
1.678938347150892696e+01
2.654768194603150278e+01
3.029432285752864118e+01
2.903222650518091541e+01
2.876401024494055036e+01
2.849200111049424322e+01
2.321823849542613516e+01
1.894447687330944063e+01
1.567223853533198508e+01
1.540285632791210446e+01
1.513750637508246655e+01
1.287721077231242361e+01
1.262284024000814497e+01
1.237513672646753093e+01
1.313471595158625860e+01
1.490206988389252274e+01
1.567755914475515056e+01
1.346139533484301865e+01
1.425363327923389534e+01
1.305419318905205728e+01
1.386285273908902127e+01
1.567925906220455090e+01
1.450292066273084401e+01
1.533318925240939734e+01
1.516927151377535665e+01
1.101022079747099269e+01
1.285493876142368208e+01
1.070221696135251932e+01
7.550718403588916772e+00
8.398999072294486723e+00
8.245539444446876587e+00
5.088736007033048736e+00
2.926902791645034085e+00
2.758302942515456380e+00
-4.188296651524296976e-01
4.393711260815507558e+00
1.019831612094810680e+01
1.799733137866064681e+01
2.479300151420773091e+01
3.058739103453012831e+01
3.038231651655348742e+01
3.117928866329316406e+01
2.597951435459924596e+01
1.978388867743524315e+01
1.559304692362138667e+01
1.440742654609084639e+01
9.227309067307714940e+00
1.105283193547029441e+01
8.884040325686328288e+00
7.720868884743595117e+00
9.563163419026636802e+00
9.410692526231287047e+00
1.226312917241966716e+01
1.212005221672802691e+01
1.098091788700071447e+01
9.845061210560288600e+00
7.711707405550441763e+00
8.579983239502666947e+00
1.144893836287474187e+01
1.031753662629148494e+01
7.184627390994364760e+00
8.048956842858387972e+00
6.909199321484720713e+00
6.763948676905670254e+00
4.611729667160261670e+00
4.450999410800477563e+00
5.280168909082021855e+00
1.097604653266785135e+00
-9.837966707266332378e-02
-3.094813384107055754e-01
4.635851656529439424e-01
4.223197090089342964e+00
9.971727044017939079e+00
1.671150540458722844e+01
2.144476283167432484e+01
2.617356287010227334e+01
2.689975461706580973e+01
2.262492543413031854e+01
1.935039368531511172e+01
1.907725148538486337e+01
1.780639744516702194e+01
1.453853940297335612e+01
1.327420713314108980e+01
1.201378502461318476e+01
1.075752472426165696e+01
1.150555774110762286e+01
1.125790800892468724e+01
1.001448440590934297e+01
1.077508323117740474e+01
1.253940063900040514e+01
1.230702503281736426e+01
1.207741942206098429e+01
9.849923745913770290e+00
8.623757169364353103e+00
1.039804035816359828e+01
1.217180774049029424e+01
1.494398976411889635e+01
1.371339515874706194e+01
1.147868321417399784e+01
7.238376086247399144e+00
4.990881143982278445e+00
5.734533372632881765e+00
9.467617848641452838e+00
8.188362303117173724e+00
4.894899790989825306e+00
3.585281483565722738e+00
1.257509603153039279e+00
-9.044948075506908935e-02
-4.606419737622218236e-01
2.145789508840721282e+00
6.732304165081586689e+00
1.730233973509211864e+01
2.085926663596171693e+01
2.740628226138233003e+01
2.894637541237921141e+01
2.948226082715518714e+01
2.301636378015950868e+01
1.855081472323195158e+01
1.908751394457522110e+01
1.762817622424449837e+01
1.817432546715519948e+01
1.972730929646058939e+01
1.628829359205883520e+01
1.385824696075496831e+01
1.243797512641788217e+01
1.302814523044753514e+01
1.362930003449218930e+01
1.424185201874774975e+01
1.286607737040924349e+01
1.350210985815101594e+01
1.314995458987323218e+01
1.080948165237703051e+01
9.480429632917434901e+00
7.162429023932872951e+00
7.855015513565263063e+00
6.557653165666579298e+00
7.269727493933714868e+00
8.990558435531283976e+00
8.719393230348941870e+00
5.455389212691784451e+00
3.197616522932548833e+00
3.945090747551603272e+00
1.696795496864183406e+00
3.451674930277931708e+00
1.208656239245328834e+00
-3.336790153070978704e-02
-2.755169039099882866e-01
4.814231655847152069e-01
1.239418654300266098e+00
4.000431095351927979e+00
1.076640962766759912e+01
2.053926338586438760e+01
2.532079384046267023e+01
2.811259706934924907e+01
2.791601594247231333e+01
2.473211220380949271e+01
2.056166843717846859e+01
1.940521990527440721e+01
1.326309625410817716e+01
1.313543307749159794e+01
1.202223333827384977e+01
1.192336864497315219e+01
9.838590383774317161e+00
8.767530707175183124e+00
9.709723381769663320e+00
1.066461449884388912e+01
1.263155305245049931e+01
1.160978139049620950e+01
8.598415545357397605e+00
7.596455451596739294e+00
6.602815059621207183e+00
7.616332355283134348e+00
7.635779296283999429e+00
6.659851677001370263e+00
8.687168934020178312e+00
6.716283905408431565e+00
7.745662557545301752e+00
9.773703693970787754e+00
7.798728661599852785e+00
6.818961070310706418e+00
5.832546542694103664e+00
5.837562511730084225e+00
6.832028084933313039e+00
3.813903994192969549e+00
2.781082651117344540e+00
2.731418328274230589e+00
1.662737487404569947e+00
5.728392760662472938e-01
-5.404937855579419193e-01
1.320515094321990546e+00
7.159042240414123626e+00
1.397825077227503243e+01
2.078123221903842932e+01
2.457093832732994088e+01
2.635011303145313377e+01
2.312125455632826743e+01
1.788659762574570777e+01
1.764814575094987958e+01
1.340772357720868513e+01
1.616697926833285237e+01
1.392742691089699747e+01
1.269041892168297636e+01
1.345716844320327255e+01
1.122876171378084109e+01
1.300615040005448009e+01
1.679017388104512065e+01
1.558154147426967029e+01
1.438079459550613137e+01
1.518831884511780572e+01
1.600435601552135267e+01
1.682899601594476735e+01
1.566216871205608641e+01
1.450363567956310362e+01
1.235300187248560633e+01
1.620972720848635618e+01
1.607314807520924660e+01
1.394243876302584795e+01
1.081661283082621594e+01
9.694544413112453185e+00
9.574999478258177987e+00
7.456647049193406929e+00
3.338060398853485822e+00
1.217738233702903017e+00
9.414587960213793849e-02
-3.426351497103041766e-02
8.309622570016017562e-01
-3.113823049463917414e-01
5.374889890958911565e-01
6.379473038265814466e+00
1.321646136681113148e+01
2.005028170424884593e+01
2.388262961548218755e+01
2.671500016259744825e+01
2.554864958138432485e+01
2.038456695763159132e+01
1.722348589063176405e+01
1.306593613400775666e+01
1.291227520652375915e+01
1.076272996758189038e+01
8.617398153831800300e+00
9.476269874623540090e+00
9.339249065324679577e+00
1.220614489860406593e+01
1.307667315463982050e+01
1.295042755216013575e+01
1.182687104316164550e+01
1.170533707536583279e+01
1.258504082778335942e+01
1.146508042605455557e+01
1.334442814541057487e+01
1.022194161027869086e+01
9.096345000804035408e+00
7.966260277715946359e+00
6.830218438293400141e+00
8.686670817212075235e+00
6.534000446963204922e+00
6.370503493329351841e+00
9.194410782087970802e+00
8.003889433981498769e+00
6.797014625644010266e+00
3.571781494815354563e+00
2.326117209088579330e+00
2.057913218241537834e+00
7.650377108801649229e-01
-5.546617035221288461e-01
4.096654934130697256e+00
1.472236865335275979e+01
2.032581951710892554e+01
2.591020036467762111e+01
2.647850077714224426e+01
2.703345123358189994e+01
2.557751742806749462e+01
2.211289472015744195e+01
1.664152269423630059e+01
1.516511980574136942e+01
1.468523809488249299e+01
1.720327795067123589e+01
1.772049290973745883e+01
1.623796447593213088e+01
1.375659694817693435e+01
1.127713224574858941e+01
1.280017472195402206e+01
1.432621595877753862e+01
1.285561953645606081e+01
1.538860577306672894e+01
1.392526643049131962e+01
1.346553938455372190e+01
1.300922325841315796e+01
1.355598201983457329e+01
1.010534954435001964e+01
6.656724147672093750e+00
7.209403092017282688e+00
5.762617072360626480e+00
6.315524689646053957e+00
5.867226918646338163e+00
5.416761578887758333e+00
3.963107817627474105e+00
4.505190614506545899e+00
3.041895318088108979e+00
5.720622250282758614e-01
9.450121303041214560e-02
-3.919835608256789783e-01
1.114111155283126209e-01
6.074043699334197299e-01
1.109871421611956066e+01
2.058805259377231778e+01
2.307802045543473923e+01
2.757101287312434579e+01
2.806919413865352908e+01
2.657445283370657307e+01
2.408839684802569536e+01
2.061236832682493514e+01
1.914746853134897719e+01
1.569459259915959137e+01
1.125444419313225808e+01
8.827570030216406849e+00
1.041440428291889475e+01
1.101529284804701092e+01
1.063047747836503731e+01
1.026008977370838693e+01
9.904155029136859412e+00
1.156259593881259207e+01
1.423523615534713826e+01
1.292178370539227217e+01
1.062180426323789106e+01
9.334734285336026005e+00
6.059904010095806370e+00
8.796550328583407463e+00
1.054384953282442439e+01
9.300889949341353713e+00
7.066654466161025994e+00
4.840032962410873552e+00
3.619844650673258002e+00
3.404860343200425632e+00
5.193814653797858227e+00
3.985408147667271805e+00
2.778289451863997783e+00
5.710673393613205917e-01
3.623228002376208678e-01
2.150631113898043623e+00
-6.543606348009234353e-02
-2.873285820305682137e-01
7.484157414387595963e+00
1.425109619445004228e+01
2.101548718525759796e+01
2.477918730294913985e+01
2.554384330879133813e+01
2.731085417217695976e+01
2.408136342406567110e+01
1.785624148687520574e+01
1.563611796938880616e+01
1.142144391797478420e+01
1.121251401782103585e+01
1.300950873967644839e+01
1.081249642914963260e+01
9.621415336762083825e+00
8.436095588070543272e+00
9.256271094477483530e+00
1.208159140642965212e+01
1.291161351166226723e+01
1.374577358199644550e+01
9.583378673117749713e+00
7.423598382975455934e+00
7.265506475731626779e+00
6.108102479564422538e+00
4.950313267587489463e+00
4.791004631889222765e+00
3.628992861425786032e+00
3.463046335106128026e+00
2.291897141910681057e+00
2.114242740356303329e+00
2.928757669988840462e+00
2.734095327926070240e+00
3.528879823709075936e+00
4.311707925925247764e+00
3.081141114363958877e+00
1.835697751735096972e+00
-4.261346106634391617e-01
2.294113221488714771e+00
3.999167527272788902e+00
8.691731644637684440e+00
1.437446891985621278e+01
1.904995578188504624e+01
2.272062491499104908e+01
2.438871850388272833e+01
2.205625152701929892e+01
2.072499507567454202e+01
1.639649967860657398e+01
1.507210861462283447e+01
6.753001197534103994e+00
6.440206020064351833e+00
9.134684144925699911e+00
1.083733223276965418e+01
7.548955597406120432e+00
6.270251179322940516e+00
9.001840429451476666e+00
9.744282096210781674e+00
1.249804490961582815e+01
1.326350015686080042e+01
1.304089414469035546e+01
1.183034054484733133e+01
9.631822620133107193e+00
9.445205329943519246e+00
1.027025731544824794e+01
8.106652765763897150e+00
6.953963167433357739e+00
6.811678940471665555e+00
8.679220965262288701e+00
8.555942005399515438e+00
5.441108032267834460e+00
4.333899457830966639e+00
2.334422829723052928e-01
3.138819169579846857e+00
3.049110445119367796e+00
3.963365048864261553e+00
1.880601428983482037e+00
-2.002016000049025024e-01
3.719915970403008032e+00
6.641914162694547485e+00
1.356671580019735757e+01
1.849517728709713538e+01
2.242801936042178568e+01
2.236577780542597793e+01
1.730876412716975210e+01
1.425706617293519685e+01
1.421059870236285860e+01
1.016913390443164644e+01
7.132301862133090253e+00
4.099630967118628178e+00
4.070578288020897162e+00
6.044559897162230300e+00
6.020951161082166436e+00
4.999067000720515352e+00
5.978162127505129320e+00
6.957441262193924558e+00
7.936049343922832122e+00
4.913061737414864183e+00
3.887474446900341718e+00
3.858234345992741510e+00
4.824249433561249134e+00
5.784389126131600278e+00
3.737474597734490089e+00
2.682269178509159246e+00
3.617498823848109168e+00
2.541862666452288977e+00
4.540236640336843266e-01
4.352619355677916246e+00
2.236282740233832556e+00
2.103603290356886646e+00
3.953148115875023905e+00
1.783463290582858463e+00
-4.069446432065433328e-01
3.804130221873265327e-01
3.148090371430498635e+00
7.898637685058929492e+00
1.363457376270491750e+01
1.935833841762359953e+01
2.507223511733241139e+01
2.677837374596447262e+01
2.547861346530180526e+01
2.317454565338925931e+01
1.986750690213648340e+01
1.755860205799626783e+01
1.524873729235230257e+01
1.493864319056683598e+01
1.162889785062861847e+01
9.319929984094301290e+00
1.001205201354218843e+01
1.070548316225040253e+01
9.400342532976537768e+00
7.096642173646614538e+00
8.794300128761278756e+00
1.149316347639887681e+01
1.319299135163669234e+01
1.089342795791696972e+01
1.159398556876897146e+01
1.129406752344152665e+01
7.992961221327163912e+00
7.689841121142762859e+00
6.383801751992450590e+00
5.073860744569856251e+00
6.758971891551254885e+00
3.438038247005351877e+00
2.109895275281587601e+00
7.733440603467442997e-01
1.427164587214292624e+00
1.070129107456637030e+00
-2.990043989991590934e-01
1.318511346482409863e+00
-7.558932351673774974e-02
5.204147384715724911e-01
6.108999817257654286e+00
8.692636993504379461e+00
1.127373625787618039e+01
2.185462067466778535e+01
2.443750057081115301e+01
2.502436772703140377e+01
2.161696954904755330e+01
1.921680319890049304e+01
1.682514966893518249e+01
1.244309778346450912e+01
1.007156811530512641e+01
1.271135680629549825e+01
1.036315928259296015e+01
7.027543856786792276e+00
5.704975209873055064e+00
6.395847747408879513e+00
5.100498825199451858e+00
8.819201840571622597e+00
8.552179185863678867e+00
8.299565061395469456e+00
9.061408145694485938e+00
8.837674121637519420e+00
7.628238058019519485e+00
8.432886646893848592e+00
7.251330297933122893e+00
5.083195091943139232e+00
2.928034596426641656e+00
4.785351546934975886e+00
5.654619398673617070e+00
5.535263753332174019e+00
4.426653666406082266e+00
4.328102840753672353e+00
3.238880712696413866e+00
1.158213437527138012e+00
2.085294781731136027e+00
1.930692965947855555e-02
-4.058878728471881914e-02
9.047687692319641428e-01
-1.450537804719260748e-01
4.809501136233961915e+00
1.076944017924745367e+01
1.673572191345419924e+01
2.170919720933773078e+01
2.169054958016215551e+01
2.268024544721924940e+01
2.067853432630477073e+01
1.768543893076002860e+01
1.570077518858283838e+01
1.172418217338145041e+01
9.755141951012092250e+00
9.793019345508582774e+00
9.837081629486078782e+00
8.886498145365749224e+00
8.940339864752104404e+00
1.199758889426720998e+01
1.105713793713425730e+01
1.311775972068721785e+01
1.217811640088018521e+01
1.123673895606964379e+01
1.029203658344749783e+01
1.134230611281600432e+01
1.138574145361167211e+01
1.142042309220937568e+01
9.444317657569399671e+00
9.455277574420961173e+00
7.451060824316755316e+00
6.429330836033159358e+00
6.387676527738449295e+00
6.323622524292431990e+00
4.234629573789334245e+00
8.118095188098436665e+00
5.971374532792992795e+00
4.791741592493963253e+00
3.576410638076822579e+00
-6.774519769987819018e-01
1.027284336619914029e+00
3.694517913535946718e+00
9.328136815508855761e+00
1.693199215911886313e+01
2.350984177957798238e+01
2.506527419217718489e+01
2.760164281378933993e+01
2.712205040854587423e+01
2.362932372415002646e+01
2.112601828779975222e+01
2.061445333345614017e+01
1.609673683489643281e+01
1.457477062136490531e+01
1.505029555473720393e+01
1.552490674918271907e+01
1.600004881591485173e+01
1.647701111707874588e+01
1.795692301433155080e+01
1.544074909921846483e+01
1.592927439405423229e+01
1.542312951366113793e+01
1.592278578011723766e+01
1.442856028420544590e+01
1.194061088885064237e+01
1.145895117137479247e+01
1.198347530299076880e+01
9.513962865398980284e+00
9.050073605546231192e+00
1.059137213075041473e+01
8.137332547593587151e+00
5.687323048935695624e+00
5.240630454311144604e+00
2.796484710022582476e+00
2.354063356067854329e+00
-8.748403240304014616e-02
